2009-10-02,0,0.0,25.1,27.1,temperatura
2009-10-02,100,0.0,24.0,25.2,temperatura
2009-10-02,200,0.0,23.0,24.0,temperatura
2009-10-02,300,0.0,22.8,23.0,temperatura
2009-10-02,400,0.0,21.7,22.8,temperatura
2009-10-02,500,0.0,21.7,21.9,temperatura
2009-10-02,600,0.0,20.8,21.7,temperatura
2009-10-02,700,0.0,20.4,20.9,temperatura
2009-10-02,800,0.0,20.4,20.7,temperatura
2009-10-02,900,0.0,20.4,20.7,temperatura
2009-10-02,1000,0.0,20.7,20.7,temperatura
2009-10-02,1100,0.0,20.9,20.9,temperatura
2009-10-02,1200,0.0,23.5,23.5,temperatura
2009-10-02,1300,0.0,27.6,27.6,temperatura
2009-10-02,1400,0.0,30.7,30.8,temperatura
2009-10-02,1500,0.0,31.6,32.3,temperatura
2009-10-02,1600,0.0,33.3,34.4,temperatura
2009-10-02,1700,0.0,33.6,33.9,temperatura
2009-10-02,1800,0.0,34.7,35.3,temperatura
2009-10-02,1900,0.0,33.5,35.8,temperatura
2009-10-02,2000,0.0,31.7,33.6,temperatura
2009-10-02,2100,0.0,33.1,33.9,temperatura
2009-10-02,2200,0.0,30.1,33.2,temperatura
2009-10-02,2300,0.0,27.4,30.3,temperatura
2009-10-07,0,0.0,26.5,29.1,temperatura
2009-10-07,100,0.0,26.4,26.5,temperatura
2009-10-07,200,,,,temperatura
2009-10-07,300,,,,temperatura
2009-10-07,400,0.0,24.0,24.9,temperatura
2009-10-07,500,,,,temperatura
2009-10-07,600,,,,temperatura
2009-10-07,700,,,,temperatura
2009-10-07,800,,,,temperatura
2009-10-07,900,,,,temperatura
2009-10-07,1000,,,,temperatura
2009-10-07,1100,0.0,22.8,22.8,temperatura
2009-10-07,1200,0.0,25.7,25.7,temperatura
2009-10-07,1300,0.0,28.3,28.7,temperatura
2009-10-07,1400,0.0,31.8,31.8,temperatura
2009-10-07,1500,0.0,32.7,33.7,temperatura
2009-10-07,1600,0.0,34.2,34.3,temperatura
2009-10-07,1700,0.0,34.5,35.4,temperatura
2009-10-07,1800,0.0,34.2,36.0,temperatura
2009-10-07,1900,21.0,23.8,34.2,temperatura
2009-10-07,2000,0.0,24.9,24.9,temperatura
2009-10-07,2100,0.2,25.2,25.6,temperatura
2009-10-07,2200,0.0,25.9,26.0,temperatura
2009-10-07,2300,0.0,25.0,25.9,temperatura
2009-10-12,0,0.0,26.4,28.4,temperatura
2009-10-12,100,0.0,25.4,26.4,temperatura
2009-10-12,200,0.0,24.7,25.4,temperatura
2009-10-12,300,0.0,24.4,24.9,temperatura
2009-10-12,400,0.0,24.1,24.5,temperatura
2009-10-12,500,0.0,24.4,24.5,temperatura
2009-10-12,600,0.0,23.6,24.4,temperatura
2009-10-12,700,0.0,23.0,23.6,temperatura
2009-10-12,800,0.0,22.7,23.0,temperatura
2009-10-12,900,0.0,22.6,22.7,temperatura
2009-10-12,1000,0.0,22.2,22.6,temperatura
2009-10-12,1100,0.0,23.2,23.2,temperatura
2009-10-12,1200,0.0,26.0,26.0,temperatura
2009-10-12,1300,0.0,29.6,29.6,temperatura
2009-10-12,1400,0.0,31.4,31.6,temperatura
2009-10-12,1500,0.0,32.0,33.1,temperatura
2009-10-12,1600,0.0,33.0,33.6,temperatura
2009-10-12,1700,0.0,34.6,34.7,temperatura
2009-10-12,1800,0.0,35.0,35.2,temperatura
2009-10-12,1900,0.0,35.5,35.5,temperatura
2009-10-12,2000,0.0,34.8,35.6,temperatura
2009-10-12,2100,0.0,34.7,35.5,temperatura
2009-10-12,2200,0.0,30.2,34.7,temperatura
2009-10-12,2300,0.0,28.3,30.2,temperatura
2009-10-20,0,0.0,26.5,27.8,temperatura
2009-10-20,100,0.0,25.6,26.5,temperatura
2009-10-20,200,0.0,24.9,25.6,temperatura
2009-10-20,300,0.0,24.5,25.0,temperatura
2009-10-20,400,0.0,24.2,24.6,temperatura
2009-10-20,500,0.0,23.7,24.2,temperatura
2009-10-20,600,0.0,23.4,23.7,temperatura
2009-10-20,700,0.0,22.9,23.4,temperatura
2009-10-20,800,0.0,22.9,23.1,temperatura
2009-10-20,900,0.0,22.5,22.9,temperatura
2009-10-20,1000,0.0,22.7,22.7,temperatura
2009-10-20,1100,0.0,23.2,23.2,temperatura
2009-10-20,1200,0.0,26.2,26.3,temperatura
2009-10-20,1300,0.0,28.3,28.3,temperatura
2009-10-20,1400,0.0,30.2,30.5,temperatura
2009-10-20,1500,0.0,32.4,32.4,temperatura
2009-10-20,1600,0.0,33.1,33.4,temperatura
2009-10-20,1700,0.0,33.6,33.8,temperatura
2009-10-20,1800,0.0,33.5,34.7,temperatura
2009-10-20,1900,0.4,29.6,34.6,temperatura
2009-10-20,2000,0.0,34.5,34.5,temperatura
2009-10-20,2100,0.0,35.0,35.0,temperatura
2009-10-20,2200,0.0,32.8,35.1,temperatura
2009-10-20,2300,0.0,29.6,32.8,temperatura
2009-10-31,0,0.0,27.0,28.7,temperatura
2009-10-31,100,0.0,25.9,27.0,temperatura
2009-10-31,200,0.0,25.4,25.9,temperatura
2009-10-31,300,0.0,24.7,25.4,temperatura
2009-10-31,400,0.0,24.3,24.7,temperatura
2009-10-31,500,0.0,24.1,24.4,temperatura
2009-10-31,600,0.0,23.7,24.1,temperatura
2009-10-31,700,0.0,23.7,23.8,temperatura
2009-10-31,800,0.0,23.8,23.9,temperatura
2009-10-31,900,0.0,23.7,24.2,temperatura
2009-10-31,1000,0.0,23.3,23.7,temperatura
2009-10-31,1100,0.0,24.4,24.4,temperatura
2009-10-31,1200,0.0,26.6,26.7,temperatura
2009-10-31,1300,0.0,28.8,28.8,temperatura
2009-10-31,1400,0.0,31.6,31.6,temperatura
2009-10-31,1500,0.0,32.7,32.7,temperatura
2009-10-31,1600,0.0,32.1,33.4,temperatura
2009-10-31,1700,0.0,34.2,34.5,temperatura
2009-10-31,1800,0.0,34.0,34.7,temperatura
2009-10-31,1900,0.0,30.2,35.8,temperatura
2009-10-31,2000,5.0,23.0,30.1,temperatura
2009-10-31,2100,2.8,23.5,24.5,temperatura
2009-10-31,2200,0.2,24.0,24.2,temperatura
2009-10-31,2300,0.0,23.6,24.0,temperatura
2010-07-29,0,0.0,22.6,25.2,temperatura
2010-07-29,100,0.0,21.5,22.8,temperatura
2010-07-29,200,0.0,20.6,21.7,temperatura
2010-07-29,300,0.0,20.1,20.6,temperatura
2010-07-29,400,0.0,19.1,20.1,temperatura
2010-07-29,500,0.0,18.7,19.4,temperatura
2010-07-29,600,0.0,18.2,18.8,temperatura
2010-07-29,700,0.0,17.7,18.4,temperatura
2010-07-29,800,0.0,17.6,18.2,temperatura
2010-07-29,900,0.0,17.5,17.7,temperatura
2010-07-29,1000,0.0,17.0,17.6,temperatura
2010-07-29,1100,0.0,17.2,17.3,temperatura
2010-07-29,1200,0.0,19.3,19.3,temperatura
2010-07-29,1300,0.0,23.1,23.1,temperatura
2010-07-29,1400,0.0,26.7,26.9,temperatura
2010-07-29,1500,0.0,30.1,30.1,temperatura
2010-07-29,1600,0.0,32.0,32.0,temperatura
2010-07-29,1700,0.0,32.5,33.2,temperatura
2010-07-29,1800,0.0,33.3,33.9,temperatura
2010-07-29,1900,0.0,33.5,34.5,temperatura
2010-07-29,2000,0.0,34.1,35.4,temperatura
2010-07-29,2100,0.0,33.5,34.5,temperatura
2010-07-29,2200,0.0,30.9,33.5,temperatura
2010-07-29,2300,0.0,26.8,31.0,temperatura
2010-08-12,0,0.0,24.3,26.5,temperatura
2010-08-12,100,0.0,23.4,24.3,temperatura
2010-08-12,200,0.0,22.4,23.5,temperatura
2010-08-12,300,0.0,21.5,22.4,temperatura
2010-08-12,400,0.0,21.1,21.6,temperatura
2010-08-12,500,0.0,20.4,21.1,temperatura
2010-08-12,600,0.0,19.9,20.4,temperatura
2010-08-12,700,0.0,19.4,20.0,temperatura
2010-08-12,800,0.0,19.0,19.6,temperatura
2010-08-12,900,0.0,18.6,19.0,temperatura
2010-08-12,1000,0.0,18.0,18.6,temperatura
2010-08-12,1100,0.0,18.0,18.0,temperatura
2010-08-12,1200,0.0,20.2,20.3,temperatura
2010-08-12,1300,0.0,23.1,23.1,temperatura
2010-08-12,1400,0.0,27.7,28.0,temperatura
2010-08-12,1500,0.0,30.7,30.9,temperatura
2010-08-12,1600,0.0,32.6,32.8,temperatura
2010-08-12,1700,0.0,33.3,34.4,temperatura
2010-08-12,1800,0.0,34.7,35.1,temperatura
2010-08-12,1900,0.0,34.3,35.2,temperatura
2010-08-12,2000,0.0,34.2,35.0,temperatura
2010-08-12,2100,0.0,33.8,34.7,temperatura
2010-08-12,2200,0.0,31.6,33.8,temperatura
2010-08-12,2300,0.0,26.9,31.6,temperatura
2010-08-13,0,0.0,25.4,26.9,temperatura
2010-08-13,100,0.0,23.4,25.4,temperatura
2010-08-13,200,0.0,22.8,23.5,temperatura
2010-08-13,300,0.0,22.0,22.8,temperatura
2010-08-13,400,0.0,21.4,22.0,temperatura
2010-08-13,500,0.0,20.3,21.5,temperatura
2010-08-13,600,0.0,20.6,20.7,temperatura
2010-08-13,700,0.0,20.2,20.6,temperatura
2010-08-13,800,0.0,20.0,20.2,temperatura
2010-08-13,900,0.0,19.4,20.0,temperatura
2010-08-13,1000,0.0,19.4,19.6,temperatura
2010-08-13,1100,0.0,19.3,19.4,temperatura
2010-08-13,1200,0.0,20.5,20.5,temperatura
2010-08-13,1300,0.0,24.9,25.1,temperatura
2010-08-13,1400,0.0,28.3,28.3,temperatura
2010-08-13,1500,0.0,30.0,30.9,temperatura
2010-08-13,1600,0.0,31.9,32.5,temperatura
2010-08-13,1700,0.0,32.6,33.2,temperatura
2010-08-13,1800,0.0,33.9,34.9,temperatura
2010-08-13,1900,0.0,34.9,34.9,temperatura
2010-08-13,2000,0.0,34.8,35.6,temperatura
2010-08-13,2100,0.0,34.6,35.2,temperatura
2010-08-13,2200,0.0,33.5,34.6,temperatura
2010-08-13,2300,0.0,27.3,33.5,temperatura
2010-08-18,0,0.0,22.3,25.2,temperatura
2010-08-18,100,0.0,20.7,22.4,temperatura
2010-08-18,200,0.0,19.8,21.0,temperatura
2010-08-18,300,0.0,18.9,20.0,temperatura
2010-08-18,400,0.0,18.2,18.9,temperatura
2010-08-18,500,0.0,17.9,18.2,temperatura
2010-08-18,600,0.0,16.9,17.9,temperatura
2010-08-18,700,0.0,16.6,17.2,temperatura
2010-08-18,800,0.0,16.2,16.6,temperatura
2010-08-18,900,0.0,15.3,16.2,temperatura
2010-08-18,1000,0.0,15.3,15.4,temperatura
2010-08-18,1100,0.0,14.2,15.3,temperatura
2010-08-18,1200,0.0,17.2,17.2,temperatura
2010-08-18,1300,0.0,21.0,21.0,temperatura
2010-08-18,1400,0.0,26.3,26.5,temperatura
2010-08-18,1500,0.0,30.3,30.3,temperatura
2010-08-18,1600,0.0,32.5,32.5,temperatura
2010-08-18,1700,0.0,34.2,34.8,temperatura
2010-08-18,1800,0.0,34.4,34.4,temperatura
2010-08-18,1900,0.0,34.6,35.2,temperatura
2010-08-18,2000,0.0,34.9,35.7,temperatura
2010-08-18,2100,0.0,34.8,35.1,temperatura
2010-08-18,2200,0.0,31.4,34.8,temperatura
2010-08-18,2300,0.0,26.7,31.4,temperatura
2010-08-19,0,0.0,24.0,26.7,temperatura
2010-08-19,100,0.0,22.0,24.0,temperatura
2010-08-19,200,0.0,21.1,22.3,temperatura
2010-08-19,300,0.0,20.0,21.1,temperatura
2010-08-19,400,0.0,19.4,20.0,temperatura
2010-08-19,500,0.0,18.3,19.5,temperatura
2010-08-19,600,0.0,18.0,18.8,temperatura
2010-08-19,700,0.0,17.0,18.1,temperatura
2010-08-19,800,0.0,16.4,17.3,temperatura
2010-08-19,900,0.0,16.6,16.9,temperatura
2010-08-19,1000,0.0,16.1,16.8,temperatura
2010-08-19,1100,0.0,15.9,16.2,temperatura
2010-08-19,1200,0.0,18.2,18.2,temperatura
2010-08-19,1300,0.0,22.0,22.0,temperatura
2010-08-19,1400,0.0,25.6,25.8,temperatura
2010-08-19,1500,0.0,29.6,29.6,temperatura
2010-08-19,1600,0.0,32.1,32.5,temperatura
2010-08-19,1700,0.0,33.5,34.0,temperatura
2010-08-19,1800,0.0,35.1,35.2,temperatura
2010-08-19,1900,0.0,35.4,35.9,temperatura
2010-08-19,2000,0.0,35.4,35.9,temperatura
2010-08-19,2100,0.0,34.6,35.8,temperatura
2010-08-19,2200,0.0,31.7,34.7,temperatura
2010-08-19,2300,0.0,26.3,31.7,temperatura
2010-08-20,0,0.0,24.4,26.3,temperatura
2010-08-20,100,0.0,22.9,24.5,temperatura
2010-08-20,200,0.0,21.2,22.9,temperatura
2010-08-20,300,0.0,20.1,21.4,temperatura
2010-08-20,400,0.0,19.9,20.6,temperatura
2010-08-20,500,0.0,19.9,20.1,temperatura
2010-08-20,600,0.0,19.4,19.9,temperatura
2010-08-20,700,0.0,18.9,19.4,temperatura
2010-08-20,800,0.0,18.3,18.9,temperatura
2010-08-20,900,0.0,18.2,18.3,temperatura
2010-08-20,1000,0.0,17.7,18.2,temperatura
2010-08-20,1100,0.0,17.9,17.9,temperatura
2010-08-20,1200,0.0,19.5,19.5,temperatura
2010-08-20,1300,0.0,23.4,23.4,temperatura
2010-08-20,1400,0.0,26.6,26.9,temperatura
2010-08-20,1500,0.0,29.8,29.9,temperatura
2010-08-20,1600,0.0,31.4,31.7,temperatura
2010-08-20,1700,0.0,32.6,33.1,temperatura
2010-08-20,1800,0.0,33.9,34.3,temperatura
2010-08-20,1900,0.0,35.4,35.4,temperatura
2010-08-20,2000,0.0,34.7,35.3,temperatura
2010-08-20,2100,0.0,34.0,34.8,temperatura
2010-08-20,2200,0.0,32.6,34.0,temperatura
2010-08-20,2300,0.0,27.0,32.6,temperatura
2010-08-23,0,0.0,25.9,28.0,temperatura
2010-08-23,100,0.0,24.5,25.9,temperatura
2010-08-23,200,0.0,23.7,24.5,temperatura
2010-08-23,300,0.0,23.0,23.8,temperatura
2010-08-23,400,0.0,22.2,23.0,temperatura
2010-08-23,500,0.0,21.1,22.3,temperatura
2010-08-23,600,0.0,20.9,21.8,temperatura
2010-08-23,700,0.0,20.9,21.5,temperatura
2010-08-23,800,0.0,20.8,21.3,temperatura
2010-08-23,900,0.0,20.6,20.8,temperatura
2010-08-23,1000,0.0,20.3,20.6,temperatura
2010-08-23,1100,0.0,20.2,20.3,temperatura
2010-08-23,1200,0.0,21.4,21.4,temperatura
2010-08-23,1300,0.0,25.1,25.1,temperatura
2010-08-23,1400,0.0,29.4,29.4,temperatura
2010-08-23,1500,0.0,30.8,31.0,temperatura
2010-08-23,1600,0.0,32.1,32.9,temperatura
2010-08-23,1700,0.0,33.3,34.0,temperatura
2010-08-23,1800,0.0,34.5,35.6,temperatura
2010-08-23,1900,0.0,34.7,35.4,temperatura
2010-08-23,2000,0.0,34.1,35.1,temperatura
2010-08-23,2100,0.0,34.0,34.6,temperatura
2010-08-23,2200,0.0,32.6,34.1,temperatura
2010-08-23,2300,0.0,28.9,32.6,temperatura
2010-08-24,0,0.0,26.2,28.9,temperatura
2010-08-24,100,0.0,24.6,26.2,temperatura
2010-08-24,200,0.0,24.1,24.7,temperatura
2010-08-24,300,0.0,23.2,24.1,temperatura
2010-08-24,400,0.0,22.6,23.2,temperatura
2010-08-24,500,0.0,21.8,22.6,temperatura
2010-08-24,600,0.0,21.5,22.0,temperatura
2010-08-24,700,0.0,20.3,21.5,temperatura
2010-08-24,800,0.0,19.9,20.5,temperatura
2010-08-24,900,0.0,20.1,20.1,temperatura
2010-08-24,1000,0.0,19.7,20.2,temperatura
2010-08-24,1100,0.0,19.7,19.8,temperatura
2010-08-24,1200,0.0,22.2,22.3,temperatura
2010-08-24,1300,0.0,26.2,26.2,temperatura
2010-08-24,1400,0.0,29.5,29.6,temperatura
2010-08-24,1500,0.0,32.6,32.7,temperatura
2010-08-24,1600,0.0,33.5,34.2,temperatura
2010-08-24,1700,0.0,34.6,35.2,temperatura
2010-08-24,1800,0.0,35.4,35.7,temperatura
2010-08-24,1900,0.0,36.2,36.7,temperatura
2010-08-24,2000,0.0,35.8,36.5,temperatura
2010-08-24,2100,0.0,35.1,36.3,temperatura
2010-08-24,2200,0.0,33.6,35.4,temperatura
2010-08-24,2300,0.0,29.6,33.6,temperatura
2010-08-26,0,0.0,23.2,23.9,temperatura
2010-08-26,100,0.0,22.9,23.2,temperatura
2010-08-26,200,0.0,22.4,23.0,temperatura
2010-08-26,300,0.0,22.6,22.7,temperatura
2010-08-26,400,0.0,21.8,22.6,temperatura
2010-08-26,500,0.0,21.7,22.1,temperatura
2010-08-26,600,0.0,21.4,21.8,temperatura
2010-08-26,700,0.0,21.6,21.7,temperatura
2010-08-26,800,0.0,21.1,21.6,temperatura
2010-08-26,900,0.0,20.7,21.1,temperatura
2010-08-26,1000,0.0,20.5,21.0,temperatura
2010-08-26,1100,0.2,20.9,20.9,temperatura
2010-08-26,1200,0.0,21.7,21.9,temperatura
2010-08-26,1300,0.0,24.1,24.1,temperatura
2010-08-26,1400,0.0,26.9,27.1,temperatura
2010-08-26,1500,0.0,29.8,29.9,temperatura
2010-08-26,1600,0.0,31.5,31.8,temperatura
2010-08-26,1700,0.0,32.9,32.9,temperatura
2010-08-26,1800,0.0,33.6,34.3,temperatura
2010-08-26,1900,0.0,34.8,35.2,temperatura
2010-08-26,2000,0.0,34.9,35.4,temperatura
2010-08-26,2100,0.0,34.5,35.0,temperatura
2010-08-26,2200,0.0,33.2,34.5,temperatura
2010-08-26,2300,0.0,29.2,33.2,temperatura
2010-09-10,0,0.0,26.3,28.5,temperatura
2010-09-10,100,0.0,25.1,26.3,temperatura
2010-09-10,200,0.0,24.1,25.1,temperatura
2010-09-10,300,0.0,23.2,24.1,temperatura
2010-09-10,400,0.0,22.6,23.2,temperatura
2010-09-10,500,0.0,22.3,22.6,temperatura
2010-09-10,600,0.0,21.4,22.3,temperatura
2010-09-10,700,0.0,21.2,21.6,temperatura
2010-09-10,800,0.0,20.7,21.2,temperatura
2010-09-10,900,0.0,20.6,20.9,temperatura
2010-09-10,1000,0.0,20.1,20.6,temperatura
2010-09-10,1100,0.0,19.7,20.2,temperatura
2010-09-10,1200,0.0,21.8,21.8,temperatura
2010-09-10,1300,0.0,25.8,25.9,temperatura
2010-09-10,1400,0.0,28.8,28.9,temperatura
2010-09-10,1500,0.0,31.8,32.1,temperatura
2010-09-10,1600,0.0,32.3,33.0,temperatura
2010-09-10,1700,0.0,34.3,34.3,temperatura
2010-09-10,1800,0.0,34.2,35.3,temperatura
2010-09-10,1900,0.0,34.4,35.3,temperatura
2010-09-10,2000,0.0,34.5,35.0,temperatura
2010-09-10,2100,0.0,33.4,34.5,temperatura
2010-09-10,2200,0.0,31.0,33.4,temperatura
2010-09-10,2300,0.0,28.2,31.0,temperatura
2010-09-12,0,0.0,26.2,27.7,temperatura
2010-09-12,100,0.0,25.1,26.2,temperatura
2010-09-12,200,0.0,24.4,25.1,temperatura
2010-09-12,300,0.0,23.4,24.5,temperatura
2010-09-12,400,0.0,22.9,23.6,temperatura
2010-09-12,500,0.0,22.7,23.0,temperatura
2010-09-12,600,0.0,22.5,22.8,temperatura
2010-09-12,700,0.0,22.3,22.5,temperatura
2010-09-12,800,0.0,21.8,22.3,temperatura
2010-09-12,900,0.0,22.7,22.7,temperatura
2010-09-12,1000,0.0,21.9,22.7,temperatura
2010-09-12,1100,0.0,21.8,22.0,temperatura
2010-09-12,1200,0.0,24.3,24.3,temperatura
2010-09-12,1300,0.0,27.1,27.2,temperatura
2010-09-12,1400,0.0,30.4,30.4,temperatura
2010-09-12,1500,0.0,32.4,32.6,temperatura
2010-09-12,1600,0.0,33.5,34.0,temperatura
2010-09-12,1700,0.0,34.0,34.7,temperatura
2010-09-12,1800,0.0,35.0,35.2,temperatura
2010-09-12,1900,0.0,34.2,35.7,temperatura
2010-09-12,2000,0.0,34.6,35.6,temperatura
2010-09-12,2100,0.0,34.6,35.1,temperatura
2010-09-12,2200,0.0,32.8,34.7,temperatura
2010-09-12,2300,0.0,27.9,32.8,temperatura
2010-09-26,0,0.0,26.8,28.9,temperatura
2010-09-26,100,0.0,26.2,26.9,temperatura
2010-09-26,200,0.0,26.0,26.6,temperatura
2010-09-26,300,0.0,25.0,26.0,temperatura
2010-09-26,400,0.0,24.3,25.0,temperatura
2010-09-26,500,0.0,23.9,24.3,temperatura
2010-09-26,600,0.0,23.2,24.0,temperatura
2010-09-26,700,0.0,22.7,23.2,temperatura
2010-09-26,800,0.0,22.4,22.7,temperatura
2010-09-26,900,0.0,22.3,22.5,temperatura
2010-09-26,1000,0.0,21.9,22.5,temperatura
2010-09-26,1100,0.0,22.8,22.8,temperatura
2010-09-26,1200,0.0,25.0,25.0,temperatura
2010-09-26,1300,0.0,27.9,27.9,temperatura
2010-09-26,1400,0.0,30.7,30.9,temperatura
2010-09-26,1500,0.0,32.0,32.5,temperatura
2010-09-26,1600,0.0,33.1,33.4,temperatura
2010-09-26,1700,0.0,34.4,34.5,temperatura
2010-09-26,1800,0.0,34.7,35.3,temperatura
2010-09-26,1900,0.0,34.7,35.5,temperatura
2010-09-26,2000,0.0,34.7,35.7,temperatura
2010-09-26,2100,0.0,34.1,34.8,temperatura
2010-09-26,2200,0.0,32.7,34.2,temperatura
2010-09-26,2300,0.0,28.8,32.7,temperatura
2010-09-27,0,0.0,27.0,28.9,temperatura
2010-09-27,100,0.0,25.8,27.0,temperatura
2010-09-27,200,0.0,25.0,25.8,temperatura
2010-09-27,300,0.0,24.6,25.2,temperatura
2010-09-27,400,0.0,24.0,24.6,temperatura
2010-09-27,500,0.0,23.5,24.1,temperatura
2010-09-27,600,0.0,22.9,23.5,temperatura
2010-09-27,700,0.0,22.7,22.9,temperatura
2010-09-27,800,0.0,22.2,22.7,temperatura
2010-09-27,900,0.0,21.7,22.4,temperatura
2010-09-27,1000,0.0,21.6,22.1,temperatura
2010-09-27,1100,0.0,22.3,22.3,temperatura
2010-09-27,1200,0.0,26.0,26.1,temperatura
2010-09-27,1300,0.0,28.2,28.2,temperatura
2010-09-27,1400,0.0,30.5,30.5,temperatura
2010-09-27,1500,0.0,33.0,33.0,temperatura
2010-09-27,1600,0.0,33.8,33.8,temperatura
2010-09-27,1700,0.0,34.3,34.7,temperatura
2010-09-27,1800,0.0,33.9,35.7,temperatura
2010-09-27,1900,0.0,35.3,35.7,temperatura
2010-09-27,2000,0.0,35.7,35.9,temperatura
2010-09-27,2100,0.0,34.9,35.7,temperatura
2010-09-27,2200,0.0,33.7,35.0,temperatura
2010-09-27,2300,0.0,28.6,33.7,temperatura
2010-09-28,0,0.0,27.4,29.2,temperatura
2010-09-28,100,0.0,26.1,27.5,temperatura
2010-09-28,200,0.0,25.3,26.3,temperatura
2010-09-28,300,0.0,24.9,25.6,temperatura
2010-09-28,400,0.0,24.2,24.9,temperatura
2010-09-28,500,0.0,23.9,24.4,temperatura
2010-09-28,600,0.0,23.1,23.9,temperatura
2010-09-28,700,0.0,23.2,23.4,temperatura
2010-09-28,800,0.0,22.9,23.2,temperatura
2010-09-28,900,0.0,22.0,22.9,temperatura
2010-09-28,1000,0.0,22.3,22.4,temperatura
2010-09-28,1100,0.0,22.9,22.9,temperatura
2010-09-28,1200,0.0,26.3,26.3,temperatura
2010-09-28,1300,0.0,29.4,29.4,temperatura
2010-09-28,1400,0.0,31.5,31.7,temperatura
2010-09-28,1500,0.0,32.7,33.2,temperatura
2010-09-28,1600,0.0,33.7,34.4,temperatura
2010-09-28,1700,0.0,35.2,35.3,temperatura
2010-09-28,1800,0.0,35.7,36.1,temperatura
2010-09-28,1900,0.0,36.2,36.7,temperatura
2010-09-28,2000,0.0,35.8,36.3,temperatura
2010-09-28,2100,0.0,35.5,36.0,temperatura
2010-09-28,2200,0.0,34.4,35.7,temperatura
2010-09-28,2300,0.0,30.7,34.4,temperatura
2010-09-29,0,0.0,27.9,30.7,temperatura
2010-09-29,100,0.0,28.2,29.6,temperatura
2010-09-29,200,0.0,25.6,28.4,temperatura
2010-09-29,300,0.0,26.1,26.1,temperatura
2010-09-29,400,0.0,25.7,26.4,temperatura
2010-09-29,500,0.0,24.5,25.8,temperatura
2010-09-29,600,0.0,23.9,24.5,temperatura
2010-09-29,700,0.0,22.8,23.9,temperatura
2010-09-29,800,0.0,22.8,23.0,temperatura
2010-09-29,900,0.0,22.3,22.8,temperatura
2010-09-29,1000,0.0,21.8,22.5,temperatura
2010-09-29,1100,0.0,22.3,22.4,temperatura
2010-09-29,1200,0.0,26.0,26.0,temperatura
2010-09-29,1300,0.0,28.7,28.7,temperatura
2010-09-29,1400,0.0,32.5,32.6,temperatura
2010-09-29,1500,0.0,33.4,34.0,temperatura
2010-09-29,1600,0.0,34.7,35.0,temperatura
2010-09-29,1700,0.0,35.2,35.9,temperatura
2010-09-29,1800,0.0,36.0,36.8,temperatura
2010-09-29,1900,0.0,36.0,36.8,temperatura
2010-09-29,2000,0.0,35.8,36.6,temperatura
2010-09-29,2100,0.0,35.3,36.2,temperatura
2010-09-29,2200,0.0,34.1,35.4,temperatura
2010-09-29,2300,0.0,30.8,34.1,temperatura
2010-09-30,0,0.0,29.5,30.9,temperatura
2010-09-30,100,0.0,29.2,30.2,temperatura
2010-09-30,200,0.0,26.6,29.3,temperatura
2010-09-30,300,0.0,27.2,27.2,temperatura
2010-09-30,400,0.0,24.9,27.2,temperatura
2010-09-30,500,0.0,23.7,24.9,temperatura
2010-09-30,600,0.0,23.2,23.8,temperatura
2010-09-30,700,0.0,23.1,24.0,temperatura
2010-09-30,800,0.0,22.3,23.2,temperatura
2010-09-30,900,0.0,22.2,22.6,temperatura
2010-09-30,1000,0.0,21.8,22.4,temperatura
2010-09-30,1100,0.0,22.4,22.4,temperatura
2010-09-30,1200,0.0,25.4,25.4,temperatura
2010-09-30,1300,0.0,28.7,28.8,temperatura
2010-09-30,1400,0.0,31.3,31.6,temperatura
2010-09-30,1500,0.0,33.4,33.5,temperatura
2010-09-30,1600,0.0,34.7,35.4,temperatura
2010-09-30,1700,0.0,34.9,35.8,temperatura
2010-09-30,1800,0.0,36.2,36.4,temperatura
2010-09-30,1900,0.0,36.1,37.0,temperatura
2010-09-30,2000,0.0,36.3,36.7,temperatura
2010-09-30,2100,0.0,35.5,36.8,temperatura
2010-09-30,2200,0.0,34.3,35.6,temperatura
2010-09-30,2300,0.0,31.1,34.3,temperatura
2010-10-01,0,0.0,28.3,31.1,temperatura
2010-10-01,100,0.0,26.7,28.3,temperatura
2010-10-01,200,0.0,25.7,26.7,temperatura
2010-10-01,300,0.0,25.7,26.0,temperatura
2010-10-01,400,0.0,24.8,25.7,temperatura
2010-10-01,500,0.0,26.9,26.9,temperatura
2010-10-01,600,0.0,26.9,27.2,temperatura
2010-10-01,700,0.0,26.0,27.0,temperatura
2010-10-01,800,0.0,25.2,26.0,temperatura
2010-10-01,900,0.0,23.6,25.2,temperatura
2010-10-01,1000,0.0,23.0,24.0,temperatura
2010-10-01,1100,0.0,23.4,23.4,temperatura
2010-10-01,1200,0.0,26.4,26.5,temperatura
2010-10-01,1300,0.0,29.7,29.9,temperatura
2010-10-01,1400,0.0,30.9,31.2,temperatura
2010-10-01,1500,0.0,33.6,33.7,temperatura
2010-10-01,1600,0.0,34.4,35.1,temperatura
2010-10-01,1700,0.0,34.6,35.5,temperatura
2010-10-01,1800,0.0,35.4,35.9,temperatura
2010-10-01,1900,0.0,35.8,36.4,temperatura
2010-10-01,2000,0.0,35.9,36.5,temperatura
2010-10-01,2100,0.0,35.9,36.3,temperatura
2010-10-01,2200,0.0,34.7,35.9,temperatura
2010-10-01,2300,0.0,31.0,34.7,temperatura
2010-10-02,0,0.0,28.2,31.0,temperatura
2010-10-02,100,0.0,28.8,28.8,temperatura
2010-10-02,200,0.0,27.0,29.1,temperatura
2010-10-02,300,0.0,26.5,27.2,temperatura
2010-10-02,400,0.0,26.3,26.6,temperatura
2010-10-02,500,0.0,25.4,26.6,temperatura
2010-10-02,600,0.0,24.5,25.5,temperatura
2010-10-02,700,0.0,23.8,24.6,temperatura
2010-10-02,800,0.0,23.5,24.0,temperatura
2010-10-02,900,0.0,23.2,23.6,temperatura
2010-10-02,1000,0.0,23.3,23.3,temperatura
2010-10-02,1100,0.0,23.0,23.3,temperatura
2010-10-02,1200,0.0,25.6,25.6,temperatura
2010-10-02,1300,0.0,29.4,29.4,temperatura
2010-10-02,1400,0.0,31.7,31.9,temperatura
2010-10-02,1500,0.0,34.1,34.8,temperatura
2010-10-02,1600,0.0,33.6,34.9,temperatura
2010-10-02,1700,0.0,35.0,36.1,temperatura
2010-10-02,1800,0.0,35.1,35.8,temperatura
2010-10-02,1900,0.0,36.3,37.4,temperatura
2010-10-02,2000,0.0,34.7,37.0,temperatura
2010-10-02,2100,0.0,33.6,34.7,temperatura
2010-10-02,2200,0.0,31.1,33.6,temperatura
2010-10-02,2300,0.0,30.6,31.1,temperatura
2010-10-07,0,0.0,28.0,28.0,temperatura
2010-10-07,100,0.0,27.6,28.1,temperatura
2010-10-07,200,0.0,26.4,27.6,temperatura
2010-10-07,300,0.0,25.3,26.5,temperatura
2010-10-07,400,0.0,24.9,25.4,temperatura
2010-10-07,500,0.0,24.1,24.9,temperatura
2010-10-07,600,0.0,23.5,24.1,temperatura
2010-10-07,700,0.0,23.1,23.6,temperatura
2010-10-07,800,0.0,22.4,23.2,temperatura
2010-10-07,900,0.0,22.5,22.7,temperatura
2010-10-07,1000,0.0,21.8,22.6,temperatura
2010-10-07,1100,0.0,22.2,22.2,temperatura
2010-10-07,1200,0.0,26.2,26.7,temperatura
2010-10-07,1300,0.0,28.5,28.7,temperatura
2010-10-07,1400,0.0,30.8,31.0,temperatura
2010-10-07,1500,0.0,32.6,32.9,temperatura
2010-10-07,1600,0.0,32.6,33.9,temperatura
2010-10-07,1700,0.0,34.1,34.8,temperatura
2010-10-07,1800,0.0,34.0,35.4,temperatura
2010-10-07,1900,0.0,35.3,36.5,temperatura
2010-10-07,2000,0.0,31.9,35.6,temperatura
2010-10-07,2100,0.0,32.3,33.4,temperatura
2010-10-07,2200,0.0,31.4,32.9,temperatura
2010-10-07,2300,0.0,29.0,31.4,temperatura
2010-10-08,0,0.0,27.5,29.0,temperatura
2010-10-08,100,0.0,26.1,27.5,temperatura
2010-10-08,200,0.0,25.8,26.1,temperatura
2010-10-08,300,0.0,26.0,26.4,temperatura
2010-10-08,400,0.0,25.2,26.2,temperatura
2010-10-08,500,0.0,24.4,25.3,temperatura
2010-10-08,600,0.0,23.7,24.5,temperatura
2010-10-08,700,0.0,23.6,23.8,temperatura
2010-10-08,800,0.0,23.6,23.8,temperatura
2010-10-08,900,0.0,23.8,23.8,temperatura
2010-10-08,1000,0.0,23.2,24.0,temperatura
2010-10-08,1100,0.0,23.6,23.7,temperatura
2010-10-08,1200,0.0,25.3,25.3,temperatura
2010-10-08,1300,0.0,27.5,27.5,temperatura
2010-10-08,1400,0.0,28.9,29.8,temperatura
2010-10-08,1500,0.0,32.6,33.1,temperatura
2010-10-08,1600,0.0,32.8,33.3,temperatura
2010-10-08,1700,0.0,34.4,34.5,temperatura
2010-10-08,1800,0.0,35.8,36.1,temperatura
2010-10-08,1900,0.0,34.8,36.0,temperatura
2010-10-08,2000,0.0,34.1,36.1,temperatura
2010-10-08,2100,6.8,26.9,34.2,temperatura
2010-10-08,2200,0.0,27.8,28.3,temperatura
2010-10-08,2300,0.0,25.0,27.8,temperatura
2010-10-11,0,0.0,27.1,28.0,temperatura
2010-10-11,100,0.0,25.9,27.1,temperatura
2010-10-11,200,0.0,25.4,25.9,temperatura
2010-10-11,300,0.0,24.7,26.2,temperatura
2010-10-11,400,0.0,24.2,24.8,temperatura
2010-10-11,500,0.0,23.3,24.2,temperatura
2010-10-11,600,0.0,23.4,23.4,temperatura
2010-10-11,700,0.0,23.7,23.7,temperatura
2010-10-11,800,0.0,23.5,23.7,temperatura
2010-10-11,900,0.0,23.3,23.5,temperatura
2010-10-11,1000,0.0,22.8,23.4,temperatura
2010-10-11,1100,0.0,22.7,22.9,temperatura
2010-10-11,1200,0.0,25.9,25.9,temperatura
2010-10-11,1300,0.0,28.2,28.3,temperatura
2010-10-11,1400,0.0,30.6,30.6,temperatura
2010-10-11,1500,0.0,31.9,32.0,temperatura
2010-10-11,1600,0.0,31.9,32.9,temperatura
2010-10-11,1700,0.0,33.1,33.7,temperatura
2010-10-11,1800,0.0,34.0,34.0,temperatura
2010-10-11,1900,0.0,33.9,35.9,temperatura
2010-10-11,2000,1.0,24.3,33.9,temperatura
2010-10-11,2100,0.6,23.8,24.3,temperatura
2010-10-11,2200,0.0,23.6,24.0,temperatura
2010-10-11,2300,0.0,23.7,23.8,temperatura
2010-10-14,0,0.0,25.1,27.9,temperatura
2010-10-14,100,0.0,24.6,25.1,temperatura
2010-10-14,200,0.0,24.0,24.6,temperatura
2010-10-14,300,0.0,22.9,24.0,temperatura
2010-10-14,400,0.0,22.7,23.0,temperatura
2010-10-14,500,0.0,22.7,22.7,temperatura
2010-10-14,600,0.0,22.1,22.7,temperatura
2010-10-14,700,0.0,21.8,22.2,temperatura
2010-10-14,800,0.0,21.5,21.9,temperatura
2010-10-14,900,0.0,21.4,21.7,temperatura
2010-10-14,1000,0.0,20.9,21.4,temperatura
2010-10-14,1100,0.0,21.6,21.6,temperatura
2010-10-14,1200,0.0,24.5,24.6,temperatura
2010-10-14,1300,0.0,28.2,28.2,temperatura
2010-10-14,1400,0.0,31.0,31.0,temperatura
2010-10-14,1500,0.0,32.2,32.7,temperatura
2010-10-14,1600,0.0,33.6,34.0,temperatura
2010-10-14,1700,0.0,33.0,34.3,temperatura
2010-10-14,1800,0.0,34.6,34.9,temperatura
2010-10-14,1900,0.0,35.1,35.6,temperatura
2010-10-14,2000,0.0,35.3,35.4,temperatura
2010-10-14,2100,0.0,30.8,35.7,temperatura
2010-10-14,2200,0.0,29.6,30.8,temperatura
2010-10-14,2300,0.0,28.1,29.6,temperatura
2010-10-21,0,0.0,25.5,27.3,temperatura
2010-10-21,100,0.0,25.4,26.1,temperatura
2010-10-21,200,0.0,24.3,25.5,temperatura
2010-10-21,300,0.0,24.4,24.5,temperatura
2010-10-21,400,0.0,23.7,24.4,temperatura
2010-10-21,500,0.0,23.2,23.7,temperatura
2010-10-21,600,0.0,23.2,23.2,temperatura
2010-10-21,700,0.0,24.4,24.7,temperatura
2010-10-21,800,0.0,23.0,24.4,temperatura
2010-10-21,900,0.0,22.4,23.0,temperatura
2010-10-21,1000,0.0,21.9,22.4,temperatura
2010-10-21,1100,0.0,22.5,22.5,temperatura
2010-10-21,1200,0.0,25.6,25.7,temperatura
2010-10-21,1300,0.0,28.5,28.5,temperatura
2010-10-21,1400,0.0,30.5,30.7,temperatura
2010-10-21,1500,0.0,31.6,31.9,temperatura
2010-10-21,1600,0.0,33.5,33.5,temperatura
2010-10-21,1700,0.0,34.2,34.2,temperatura
2010-10-21,1800,0.0,35.0,35.0,temperatura
2010-10-21,1900,0.0,34.5,35.3,temperatura
2010-10-21,2000,0.0,33.0,34.5,temperatura
2010-10-21,2100,0.0,34.4,34.5,temperatura
2010-10-21,2200,0.0,33.2,34.4,temperatura
2010-10-21,2300,0.0,30.3,33.2,temperatura
2010-10-22,0,0.0,27.0,30.3,temperatura
2010-10-22,100,0.0,25.8,27.0,temperatura
2010-10-22,200,0.0,24.7,25.8,temperatura
2010-10-22,300,0.0,23.9,24.8,temperatura
2010-10-22,400,0.0,23.9,24.1,temperatura
2010-10-22,500,0.0,23.0,23.9,temperatura
2010-10-22,600,0.0,22.9,23.1,temperatura
2010-10-22,700,0.0,22.7,23.1,temperatura
2010-10-22,800,0.0,22.3,22.8,temperatura
2010-10-22,900,0.0,22.3,22.4,temperatura
2010-10-22,1000,0.0,22.0,22.3,temperatura
2010-10-22,1100,0.0,22.9,22.9,temperatura
2010-10-22,1200,0.0,26.0,26.0,temperatura
2010-10-22,1300,0.0,30.0,30.1,temperatura
2010-10-22,1400,0.0,31.3,31.6,temperatura
2010-10-22,1500,0.0,32.4,33.0,temperatura
2010-10-22,1600,0.0,32.2,33.9,temperatura
2010-10-22,1700,0.0,33.8,34.3,temperatura
2010-10-22,1800,0.0,34.0,35.1,temperatura
2010-10-22,1900,0.0,34.6,35.0,temperatura
2010-10-22,2000,0.0,34.4,35.2,temperatura
2010-10-22,2100,0.0,34.2,35.1,temperatura
2010-10-22,2200,0.0,33.1,34.3,temperatura
2010-10-22,2300,0.0,29.7,33.1,temperatura
2010-11-05,0,0.0,25.5,27.1,temperatura
2010-11-05,100,0.0,25.0,25.7,temperatura
2010-11-05,200,0.0,24.8,25.1,temperatura
2010-11-05,300,0.0,24.5,24.8,temperatura
2010-11-05,400,0.0,24.1,24.5,temperatura
2010-11-05,500,0.0,23.6,24.1,temperatura
2010-11-05,600,0.0,23.4,23.6,temperatura
2010-11-05,700,0.0,23.1,23.4,temperatura
2010-11-05,800,0.0,22.7,23.1,temperatura
2010-11-05,900,0.2,22.3,22.8,temperatura
2010-11-05,1000,0.0,22.2,22.4,temperatura
2010-11-05,1100,0.0,23.8,23.8,temperatura
2010-11-05,1200,0.0,27.1,27.3,temperatura
2010-11-05,1300,0.0,28.8,28.8,temperatura
2010-11-05,1400,0.0,31.0,31.1,temperatura
2010-11-05,1500,0.0,32.9,32.9,temperatura
2010-11-05,1600,0.0,33.8,34.3,temperatura
2010-11-05,1700,0.0,34.6,34.9,temperatura
2010-11-05,1800,0.0,34.4,35.7,temperatura
2010-11-05,1900,0.0,35.1,35.4,temperatura
2010-11-05,2000,0.0,32.7,36.6,temperatura
2010-11-05,2100,0.0,32.6,32.7,temperatura
2010-11-05,2200,0.0,30.9,32.7,temperatura
2010-11-05,2300,0.0,28.9,30.9,temperatura
2011-08-11,0,,25.9,28.5,temperatura
2011-08-11,100,,23.9,25.9,temperatura
2011-08-11,200,,23.2,23.9,temperatura
2011-08-11,300,,22.6,23.2,temperatura
2011-08-11,400,,21.9,22.6,temperatura
2011-08-11,500,,21.1,21.9,temperatura
2011-08-11,600,,21.0,21.1,temperatura
2011-08-11,700,,20.4,21.1,temperatura
2011-08-11,800,,20.1,20.6,temperatura
2011-08-11,900,,19.6,20.2,temperatura
2011-08-11,1000,,19.2,19.7,temperatura
2011-08-11,1100,,19.0,19.4,temperatura
2011-08-11,1200,,20.5,20.5,temperatura
2011-08-11,1300,,24.0,24.0,temperatura
2011-08-11,1400,,26.8,26.8,temperatura
2011-08-11,1500,,29.7,29.7,temperatura
2011-08-11,1600,,31.2,31.5,temperatura
2011-08-11,1700,,33.2,33.2,temperatura
2011-08-11,1800,,33.8,34.1,temperatura
2011-08-11,1900,,34.5,34.8,temperatura
2011-08-11,2000,,35.4,35.9,temperatura
2011-08-11,2100,,34.5,35.4,temperatura
2011-08-11,2200,,31.5,34.5,temperatura
2011-08-11,2300,,27.7,31.5,temperatura
2011-08-12,0,,24.8,27.7,temperatura
2011-08-12,100,,23.9,24.9,temperatura
2011-08-12,200,,22.7,23.9,temperatura
2011-08-12,300,,22.4,22.7,temperatura
2011-08-12,400,,21.0,22.4,temperatura
2011-08-12,500,,21.0,21.3,temperatura
2011-08-12,600,,20.0,21.1,temperatura
2011-08-12,700,,19.5,20.1,temperatura
2011-08-12,800,,19.0,19.9,temperatura
2011-08-12,900,,19.1,19.3,temperatura
2011-08-12,1000,,18.6,19.2,temperatura
2011-08-12,1100,,18.5,18.6,temperatura
2011-08-12,1200,,20.7,20.7,temperatura
2011-08-12,1300,,23.7,23.7,temperatura
2011-08-12,1400,,27.6,27.6,temperatura
2011-08-12,1500,,30.8,30.8,temperatura
2011-08-12,1600,,33.2,33.2,temperatura
2011-08-12,1700,,34.3,34.4,temperatura
2011-08-12,1800,,35.1,35.4,temperatura
2011-08-12,1900,,35.9,36.1,temperatura
2011-08-12,2000,,35.6,35.9,temperatura
2011-08-12,2100,,35.1,35.6,temperatura
2011-08-12,2200,,34.0,35.2,temperatura
2011-08-12,2300,,28.3,34.0,temperatura
2011-08-20,0,,26.3,28.8,temperatura
2011-08-20,100,,25.5,26.3,temperatura
2011-08-20,200,,25.0,25.6,temperatura
2011-08-20,300,,24.5,25.0,temperatura
2011-08-20,400,,23.9,24.5,temperatura
2011-08-20,500,,23.3,23.9,temperatura
2011-08-20,600,,23.1,23.3,temperatura
2011-08-20,700,,22.7,23.1,temperatura
2011-08-20,800,,22.2,22.7,temperatura
2011-08-20,900,,21.8,22.3,temperatura
2011-08-20,1000,,21.7,22.2,temperatura
2011-08-20,1100,,21.6,21.9,temperatura
2011-08-20,1200,,23.0,23.0,temperatura
2011-08-20,1300,,25.2,25.2,temperatura
2011-08-20,1400,,28.8,28.8,temperatura
2011-08-20,1500,,31.2,31.2,temperatura
2011-08-20,1600,,32.7,32.7,temperatura
2011-08-20,1700,,33.8,34.1,temperatura
2011-08-20,1800,,34.5,34.5,temperatura
2011-08-20,1900,,34.2,35.0,temperatura
2011-08-20,2000,,33.7,35.6,temperatura
2011-08-20,2100,,34.8,34.9,temperatura
2011-08-20,2200,,32.8,34.8,temperatura
2011-08-20,2300,,30.0,32.8,temperatura
2011-08-31,0,,26.0,27.3,temperatura
2011-08-31,100,,24.8,26.0,temperatura
2011-08-31,200,,23.9,24.9,temperatura
2011-08-31,300,,23.5,24.0,temperatura
2011-08-31,400,,22.7,23.5,temperatura
2011-08-31,500,,22.2,22.7,temperatura
2011-08-31,600,,21.6,22.4,temperatura
2011-08-31,700,,21.7,21.8,temperatura
2011-08-31,800,,21.0,21.7,temperatura
2011-08-31,900,,20.8,21.2,temperatura
2011-08-31,1000,,20.5,20.9,temperatura
2011-08-31,1100,,20.5,20.7,temperatura
2011-08-31,1200,,22.6,22.6,temperatura
2011-08-31,1300,,24.8,24.8,temperatura
2011-08-31,1400,,27.4,27.4,temperatura
2011-08-31,1500,,30.3,30.3,temperatura
2011-08-31,1600,,32.7,32.7,temperatura
2011-08-31,1700,,32.6,33.4,temperatura
2011-08-31,1800,,33.7,34.4,temperatura
2011-08-31,1900,,34.9,35.2,temperatura
2011-08-31,2000,,34.9,35.2,temperatura
2011-08-31,2100,,35.1,35.7,temperatura
2011-08-31,2200,,34.5,35.1,temperatura
2011-08-31,2300,,24.6,34.5,temperatura
2011-11-10,0,,27.2,29.6,temperatura
2011-11-10,100,,26.0,27.2,temperatura
2011-11-10,200,,25.7,26.2,temperatura
2011-11-10,300,,25.0,25.7,temperatura
2011-11-10,400,,24.7,25.0,temperatura
2011-11-10,500,,24.1,24.7,temperatura
2011-11-10,600,,23.7,24.1,temperatura
2011-11-10,700,,23.2,23.8,temperatura
2011-11-10,800,,23.0,23.4,temperatura
2011-11-10,900,,23.0,23.2,temperatura
2011-11-10,1000,,22.7,23.0,temperatura
2011-11-10,1100,,23.6,23.6,temperatura
2011-11-10,1200,,25.6,25.6,temperatura
2011-11-10,1300,,28.2,28.2,temperatura
2011-11-10,1400,,30.4,30.5,temperatura
2011-11-10,1500,,32.0,32.0,temperatura
2011-11-10,1600,,32.9,33.3,temperatura
2011-11-10,1700,,33.8,34.1,temperatura
2011-11-10,1800,,33.6,34.3,temperatura
2011-11-10,1900,,34.8,34.9,temperatura
2011-11-10,2000,,34.8,35.3,temperatura
2011-11-10,2100,,34.7,34.8,temperatura
2011-11-10,2200,,33.5,34.7,temperatura
2011-11-10,2300,,30.4,33.5,temperatura
2011-11-21,0,,24.5,25.6,temperatura
2011-11-21,100,,23.9,24.5,temperatura
2011-11-21,200,,24.0,24.1,temperatura
2011-11-21,300,,23.5,24.0,temperatura
2011-11-21,400,,23.1,23.5,temperatura
2011-11-21,500,,22.6,23.2,temperatura
2011-11-21,600,,21.9,22.7,temperatura
2011-11-21,700,,21.8,22.1,temperatura
2011-11-21,800,,21.6,22.1,temperatura
2011-11-21,900,,21.6,21.8,temperatura
2011-11-21,1000,,21.2,21.6,temperatura
2011-11-21,1100,,21.9,21.9,temperatura
2011-11-21,1200,,23.8,23.8,temperatura
2011-11-21,1300,,26.7,26.7,temperatura
2011-11-21,1400,,28.4,28.4,temperatura
2011-11-21,1500,,37.1,37.1,temperatura
2011-11-21,1600,,,,temperatura
2011-11-21,1700,,32.1,,temperatura
2011-11-21,1800,,27.2,32.1,temperatura
2011-11-21,1900,,25.8,32.0,temperatura
2011-11-21,2000,,29.5,29.5,temperatura
2011-11-21,2100,,30.7,30.7,temperatura
2011-11-21,2200,,30.2,30.9,temperatura
2011-11-21,2300,,26.2,30.2,temperatura
2013-09-02,0,0.0,25.8,28.4,temperatura
2013-09-02,100,0.0,24.7,25.8,temperatura
2013-09-02,200,0.0,23.8,24.7,temperatura
2013-09-02,300,0.0,23.1,23.8,temperatura
2013-09-02,400,0.0,22.5,23.1,temperatura
2013-09-02,500,0.0,21.9,22.5,temperatura
2013-09-02,600,0.0,21.2,22.0,temperatura
2013-09-02,700,0.0,21.5,21.7,temperatura
2013-09-02,800,0.0,20.9,21.5,temperatura
2013-09-02,900,0.0,20.4,21.0,temperatura
2013-09-02,1000,0.0,20.1,20.4,temperatura
2013-09-02,1100,0.0,20.2,20.4,temperatura
2013-09-02,1200,0.0,22.1,22.1,temperatura
2013-09-02,1300,0.0,25.4,25.4,temperatura
2013-09-02,1400,0.0,29.5,29.5,temperatura
2013-09-02,1500,0.0,31.4,31.7,temperatura
2013-09-02,1600,0.0,33.5,33.5,temperatura
2013-09-02,1700,0.0,33.5,34.0,temperatura
2013-09-02,1800,0.0,33.8,34.9,temperatura
2013-09-02,1900,0.0,34.7,35.2,temperatura
2013-09-02,2000,0.0,34.5,35.1,temperatura
2013-09-02,2100,0.0,33.8,34.9,temperatura
2013-09-02,2200,0.0,31.5,33.8,temperatura
2013-09-02,2300,0.0,28.2,31.6,temperatura
2013-09-03,0,0.0,26.9,28.3,temperatura
2013-09-03,100,0.0,25.4,26.9,temperatura
2013-09-03,200,0.0,24.5,25.4,temperatura
2013-09-03,300,0.0,23.8,24.5,temperatura
2013-09-03,400,0.0,23.6,23.8,temperatura
2013-09-03,500,0.0,22.9,23.6,temperatura
2013-09-03,600,0.0,22.3,22.9,temperatura
2013-09-03,700,0.0,21.9,22.5,temperatura
2013-09-03,800,0.0,21.2,22.1,temperatura
2013-09-03,900,0.0,20.7,21.3,temperatura
2013-09-03,1000,0.0,20.6,20.9,temperatura
2013-09-03,1100,0.0,20.6,20.8,temperatura
2013-09-03,1200,0.0,22.7,22.7,temperatura
2013-09-03,1300,0.0,25.4,25.4,temperatura
2013-09-03,1400,0.0,28.4,28.5,temperatura
2013-09-03,1500,0.0,30.8,30.9,temperatura
2013-09-03,1600,0.0,33.1,33.1,temperatura
2013-09-03,1700,0.0,33.7,34.7,temperatura
2013-09-03,1800,0.0,34.3,34.8,temperatura
2013-09-03,1900,0.0,35.0,35.7,temperatura
2013-09-03,2000,0.0,34.9,35.4,temperatura
2013-09-03,2100,0.0,34.8,35.4,temperatura
2013-09-03,2200,0.0,33.4,34.8,temperatura
2013-09-03,2300,0.0,29.2,33.4,temperatura
2014-09-06,0,,,,temperatura
2014-09-06,100,,,,temperatura
2014-09-06,200,,,,temperatura
2014-09-06,300,,,,temperatura
2014-09-06,400,,,,temperatura
2014-09-06,500,,,,temperatura
2014-09-06,600,,,,temperatura
2014-09-06,700,,,,temperatura
2014-09-06,800,,,,temperatura
2014-09-06,900,,,,temperatura
2014-09-06,1000,,,,temperatura
2014-09-06,1100,,,,temperatura
2014-09-06,1200,,,,temperatura
2014-09-06,1300,0.0,25.1,25.1,temperatura
2014-09-06,1400,0.0,28.2,28.3,temperatura
2014-09-06,1500,0.0,30.5,30.7,temperatura
2014-09-06,1600,0.0,32.0,32.1,temperatura
2014-09-06,1700,0.0,33.3,33.7,temperatura
2014-09-06,1800,0.0,34.7,34.7,temperatura
2014-09-06,1900,0.0,34.5,35.1,temperatura
2014-09-06,2000,0.0,34.2,34.7,temperatura
2014-09-06,2100,0.0,33.8,34.4,temperatura
2014-09-06,2200,,,,temperatura
2014-09-06,2300,,,,temperatura
2014-09-07,0,,,,temperatura
2014-09-07,100,,,,temperatura
2014-09-07,200,,,,temperatura
2014-09-07,300,,,,temperatura
2014-09-07,400,,,,temperatura
2014-09-07,500,,,,temperatura
2014-09-07,600,,,,temperatura
2014-09-07,700,,,,temperatura
2014-09-07,800,,,,temperatura
2014-09-07,900,,,,temperatura
2014-09-07,1000,,,,temperatura
2014-09-07,1100,,,,temperatura
2014-09-07,1200,0.0,22.1,22.1,temperatura
2014-09-07,1300,0.0,25.5,25.5,temperatura
2014-09-07,1400,0.0,28.8,28.9,temperatura
2014-09-07,1500,0.0,32.1,32.1,temperatura
2014-09-07,1600,0.0,34.1,34.1,temperatura
2014-09-07,1700,0.0,34.1,35.1,temperatura
2014-09-07,1800,0.0,35.4,35.9,temperatura
2014-09-07,1900,0.0,35.4,35.5,temperatura
2014-09-07,2000,0.0,34.8,35.9,temperatura
2014-09-07,2100,0.0,34.4,35.4,temperatura
2014-09-07,2200,,,,temperatura
2014-09-07,2300,,,,temperatura
2015-07-31,0,0.0,25.2,27.5,temperatura
2015-07-31,100,0.0,24.2,25.2,temperatura
2015-07-31,200,0.0,23.1,24.2,temperatura
2015-07-31,300,0.0,22.2,23.3,temperatura
2015-07-31,400,0.0,21.7,22.3,temperatura
2015-07-31,500,0.0,21.3,21.8,temperatura
2015-07-31,600,0.0,21.1,21.4,temperatura
2015-07-31,700,0.0,20.8,21.2,temperatura
2015-07-31,800,0.0,20.5,20.8,temperatura
2015-07-31,900,0.0,20.0,20.6,temperatura
2015-07-31,1000,0.0,19.7,20.1,temperatura
2015-07-31,1100,0.0,19.0,19.7,temperatura
2015-07-31,1200,0.0,21.3,21.3,temperatura
2015-07-31,1300,0.0,24.2,24.2,temperatura
2015-07-31,1400,0.0,27.2,27.2,temperatura
2015-07-31,1500,0.0,30.1,30.1,temperatura
2015-07-31,1600,0.0,31.7,31.9,temperatura
2015-07-31,1700,0.0,32.6,33.0,temperatura
2015-07-31,1800,0.0,34.4,34.6,temperatura
2015-07-31,1900,0.0,34.3,35.0,temperatura
2015-07-31,2000,0.0,34.7,34.8,temperatura
2015-07-31,2100,0.0,33.2,35.2,temperatura
2015-07-31,2200,0.0,31.9,33.6,temperatura
2015-07-31,2300,0.0,27.4,31.9,temperatura
2015-08-22,0,0.0,25.2,26.8,temperatura
2015-08-22,100,0.0,24.0,25.2,temperatura
2015-08-22,200,0.0,23.8,24.0,temperatura
2015-08-22,300,0.0,22.8,23.8,temperatura
2015-08-22,400,0.0,22.7,23.2,temperatura
2015-08-22,500,0.0,22.2,22.7,temperatura
2015-08-22,600,0.0,21.8,22.3,temperatura
2015-08-22,700,0.0,21.3,21.9,temperatura
2015-08-22,800,0.0,20.8,21.5,temperatura
2015-08-22,900,0.0,20.8,21.3,temperatura
2015-08-22,1000,0.0,20.1,20.9,temperatura
2015-08-22,1100,0.0,20.1,20.5,temperatura
2015-08-22,1200,0.0,21.6,21.6,temperatura
2015-08-22,1300,0.0,23.9,24.0,temperatura
2015-08-22,1400,0.0,27.6,27.6,temperatura
2015-08-22,1500,0.0,30.2,30.3,temperatura
2015-08-22,1600,0.0,32.0,32.1,temperatura
2015-08-22,1700,0.0,33.4,33.5,temperatura
2015-08-22,1800,0.0,34.2,34.5,temperatura
2015-08-22,1900,0.0,35.0,35.0,temperatura
2015-08-22,2000,0.0,34.2,35.1,temperatura
2015-08-22,2100,0.0,34.1,34.6,temperatura
2015-08-22,2200,0.0,31.8,34.1,temperatura
2015-08-22,2300,0.0,28.1,31.8,temperatura
2015-08-23,0,0.0,26.2,28.1,temperatura
2015-08-23,100,0.0,25.1,26.2,temperatura
2015-08-23,200,0.0,24.1,25.1,temperatura
2015-08-23,300,0.0,23.5,24.2,temperatura
2015-08-23,400,0.0,23.3,23.5,temperatura
2015-08-23,500,0.0,22.9,23.3,temperatura
2015-08-23,600,0.0,22.5,23.1,temperatura
2015-08-23,700,0.0,22.3,22.6,temperatura
2015-08-23,800,0.0,21.6,22.3,temperatura
2015-08-23,900,0.0,21.5,21.8,temperatura
2015-08-23,1000,0.0,21.1,21.6,temperatura
2015-08-23,1100,0.0,20.9,21.2,temperatura
2015-08-23,1200,0.0,23.1,23.1,temperatura
2015-08-23,1300,0.0,25.6,25.8,temperatura
2015-08-23,1400,0.0,28.8,28.8,temperatura
2015-08-23,1500,0.0,30.5,31.0,temperatura
2015-08-23,1600,0.0,33.0,33.0,temperatura
2015-08-23,1700,0.0,33.7,33.7,temperatura
2015-08-23,1800,0.0,34.4,34.6,temperatura
2015-08-23,1900,0.0,34.8,35.1,temperatura
2015-08-23,2000,0.0,34.7,35.0,temperatura
2015-08-23,2100,0.0,34.0,34.7,temperatura
2015-08-23,2200,0.0,32.5,34.2,temperatura
2015-08-23,2300,0.0,28.6,32.5,temperatura
2015-08-24,0,0.0,26.3,28.5,temperatura
2015-08-24,100,0.0,25.3,26.3,temperatura
2015-08-24,200,0.0,24.5,25.3,temperatura
2015-08-24,300,0.0,24.1,24.6,temperatura
2015-08-24,400,0.0,23.5,24.1,temperatura
2015-08-24,500,0.0,23.4,23.6,temperatura
2015-08-24,600,0.0,23.2,23.5,temperatura
2015-08-24,700,0.0,22.6,23.3,temperatura
2015-08-24,800,0.0,22.4,22.6,temperatura
2015-08-24,900,0.0,22.5,22.6,temperatura
2015-08-24,1000,0.0,22.2,22.5,temperatura
2015-08-24,1100,0.0,22.0,22.2,temperatura
2015-08-24,1200,0.0,23.5,23.5,temperatura
2015-08-24,1300,0.0,26.3,26.4,temperatura
2015-08-24,1400,0.0,29.2,29.2,temperatura
2015-08-24,1500,0.0,31.2,31.3,temperatura
2015-08-24,1600,0.0,32.2,32.9,temperatura
2015-08-24,1700,0.0,33.5,33.8,temperatura
2015-08-24,1800,0.0,34.4,34.9,temperatura
2015-08-24,1900,0.0,35.1,35.6,temperatura
2015-08-24,2000,0.0,35.0,35.9,temperatura
2015-08-24,2100,0.0,33.9,35.1,temperatura
2015-08-24,2200,0.0,32.4,34.1,temperatura
2015-08-24,2300,0.0,28.8,32.4,temperatura
2015-08-26,0,0.0,26.7,28.8,temperatura
2015-08-26,100,0.0,25.9,27.0,temperatura
2015-08-26,200,0.0,25.1,25.9,temperatura
2015-08-26,300,0.0,24.5,25.1,temperatura
2015-08-26,400,0.0,23.9,24.5,temperatura
2015-08-26,500,0.0,23.9,24.1,temperatura
2015-08-26,600,0.0,23.1,23.9,temperatura
2015-08-26,700,0.0,22.7,23.2,temperatura
2015-08-26,800,0.0,22.3,22.7,temperatura
2015-08-26,900,0.0,22.0,22.7,temperatura
2015-08-26,1000,0.0,22.0,22.2,temperatura
2015-08-26,1100,0.0,21.6,22.1,temperatura
2015-08-26,1200,0.0,23.1,23.1,temperatura
2015-08-26,1300,0.0,25.7,25.7,temperatura
2015-08-26,1400,0.0,29.2,29.2,temperatura
2015-08-26,1500,0.0,31.0,31.2,temperatura
2015-08-26,1600,0.0,33.0,33.0,temperatura
2015-08-26,1700,0.0,33.5,34.0,temperatura
2015-08-26,1800,0.0,33.2,34.3,temperatura
2015-08-26,1900,0.0,33.8,35.1,temperatura
2015-08-26,2000,0.0,34.3,35.1,temperatura
2015-08-26,2100,0.0,32.3,34.6,temperatura
2015-08-26,2200,0.0,30.7,32.3,temperatura
2015-08-26,2300,0.0,28.9,30.7,temperatura
2015-09-10,0,0.0,25.5,27.4,temperatura
2015-09-10,100,0.0,24.7,25.5,temperatura
2015-09-10,200,0.0,24.1,24.7,temperatura
2015-09-10,300,0.0,23.7,24.2,temperatura
2015-09-10,400,0.0,23.1,23.8,temperatura
2015-09-10,500,0.0,23.0,23.5,temperatura
2015-09-10,600,0.0,22.6,23.0,temperatura
2015-09-10,700,0.0,22.1,22.6,temperatura
2015-09-10,800,0.0,21.8,22.1,temperatura
2015-09-10,900,0.0,21.7,21.9,temperatura
2015-09-10,1000,0.0,21.2,21.7,temperatura
2015-09-10,1100,0.0,21.0,21.3,temperatura
2015-09-10,1200,0.0,23.8,23.8,temperatura
2015-09-10,1300,0.0,26.9,26.9,temperatura
2015-09-10,1400,0.0,30.5,30.5,temperatura
2015-09-10,1500,0.0,32.5,32.7,temperatura
2015-09-10,1600,0.0,33.6,34.1,temperatura
2015-09-10,1700,0.0,34.8,34.8,temperatura
2015-09-10,1800,0.0,35.1,35.3,temperatura
2015-09-10,1900,0.0,33.7,35.4,temperatura
2015-09-10,2000,0.0,34.7,35.5,temperatura
2015-09-10,2100,0.0,33.6,34.7,temperatura
2015-09-10,2200,0.0,33.0,33.8,temperatura
2015-09-10,2300,0.0,29.0,33.0,temperatura
2015-09-15,0,0.0,25.6,27.8,temperatura
2015-09-15,100,0.0,24.3,25.6,temperatura
2015-09-15,200,0.0,23.5,24.3,temperatura
2015-09-15,300,0.0,23.1,23.6,temperatura
2015-09-15,400,0.0,22.7,23.1,temperatura
2015-09-15,500,0.0,21.7,22.7,temperatura
2015-09-15,600,0.0,21.5,22.0,temperatura
2015-09-15,700,0.0,21.3,21.9,temperatura
2015-09-15,800,0.0,21.1,21.4,temperatura
2015-09-15,900,0.0,20.5,21.2,temperatura
2015-09-15,1000,0.0,20.5,20.8,temperatura
2015-09-15,1100,0.0,20.5,20.6,temperatura
2015-09-15,1200,0.0,22.5,22.5,temperatura
2015-09-15,1300,0.0,25.3,25.3,temperatura
2015-09-15,1400,0.0,28.3,28.3,temperatura
2015-09-15,1500,0.0,31.4,31.4,temperatura
2015-09-15,1600,0.0,32.7,32.9,temperatura
2015-09-15,1700,0.0,33.8,33.8,temperatura
2015-09-15,1800,0.0,34.8,35.0,temperatura
2015-09-15,1900,0.0,35.0,35.6,temperatura
2015-09-15,2000,0.0,33.8,35.3,temperatura
2015-09-15,2100,0.0,33.8,34.4,temperatura
2015-09-15,2200,0.0,32.6,33.9,temperatura
2015-09-15,2300,0.0,28.5,32.6,temperatura
2015-09-16,0,0.0,27.0,28.5,temperatura
2015-09-16,100,0.0,26.1,27.0,temperatura
2015-09-16,200,0.0,25.2,26.2,temperatura
2015-09-16,300,0.0,25.2,25.2,temperatura
2015-09-16,400,0.0,24.5,25.2,temperatura
2015-09-16,500,0.0,23.8,24.5,temperatura
2015-09-16,600,0.0,23.3,23.9,temperatura
2015-09-16,700,0.0,22.8,23.5,temperatura
2015-09-16,800,0.0,22.7,22.9,temperatura
2015-09-16,900,0.0,21.7,22.7,temperatura
2015-09-16,1000,0.0,22.0,22.2,temperatura
2015-09-16,1100,0.0,21.3,22.0,temperatura
2015-09-16,1200,0.0,24.0,24.0,temperatura
2015-09-16,1300,0.0,26.3,26.4,temperatura
2015-09-16,1400,0.0,29.6,29.6,temperatura
2015-09-16,1500,0.0,31.6,31.7,temperatura
2015-09-16,1600,0.0,33.0,33.1,temperatura
2015-09-16,1700,0.0,34.5,34.5,temperatura
2015-09-16,1800,0.0,33.8,35.2,temperatura
2015-09-16,1900,0.0,33.5,35.5,temperatura
2015-09-16,2000,0.0,33.6,34.2,temperatura
2015-09-16,2100,0.0,31.3,33.8,temperatura
2015-09-16,2200,0.0,31.7,32.2,temperatura
2015-09-16,2300,0.0,28.7,31.7,temperatura
2015-09-17,0,0.0,27.0,28.7,temperatura
2015-09-17,100,0.0,26.0,27.0,temperatura
2015-09-17,200,0.0,25.5,26.0,temperatura
2015-09-17,300,0.0,24.9,25.6,temperatura
2015-09-17,400,0.0,24.5,24.9,temperatura
2015-09-17,500,0.0,24.2,24.6,temperatura
2015-09-17,600,0.0,23.6,24.2,temperatura
2015-09-17,700,0.0,23.2,23.7,temperatura
2015-09-17,800,0.0,23.1,23.4,temperatura
2015-09-17,900,0.0,22.5,23.2,temperatura
2015-09-17,1000,0.0,22.5,22.6,temperatura
2015-09-17,1100,0.0,22.0,22.6,temperatura
2015-09-17,1200,0.0,24.6,24.6,temperatura
2015-09-17,1300,0.0,27.2,27.2,temperatura
2015-09-17,1400,0.0,29.8,30.0,temperatura
2015-09-17,1500,0.0,32.0,32.2,temperatura
2015-09-17,1600,0.0,33.6,33.8,temperatura
2015-09-17,1700,0.0,34.0,34.5,temperatura
2015-09-17,1800,0.0,35.0,35.7,temperatura
2015-09-17,1900,0.0,34.9,35.1,temperatura
2015-09-17,2000,0.0,34.8,35.8,temperatura
2015-09-17,2100,0.0,34.2,35.5,temperatura
2015-09-17,2200,0.0,31.0,34.4,temperatura
2015-09-17,2300,0.0,28.1,31.0,temperatura
2015-09-18,0,0.0,26.3,28.1,temperatura
2015-09-18,100,0.0,24.9,26.3,temperatura
2015-09-18,200,0.0,24.5,25.1,temperatura
2015-09-18,300,0.0,23.7,24.6,temperatura
2015-09-18,400,0.0,23.5,23.9,temperatura
2015-09-18,500,0.0,23.1,23.6,temperatura
2015-09-18,600,0.0,22.5,23.2,temperatura
2015-09-18,700,0.0,22.4,22.7,temperatura
2015-09-18,800,0.0,22.3,22.5,temperatura
2015-09-18,900,0.0,22.0,22.3,temperatura
2015-09-18,1000,0.0,21.4,22.0,temperatura
2015-09-18,1100,0.0,21.7,21.9,temperatura
2015-09-18,1200,0.0,24.1,24.1,temperatura
2015-09-18,1300,0.0,27.0,27.0,temperatura
2015-09-18,1400,0.0,30.2,30.4,temperatura
2015-09-18,1500,0.0,32.7,32.7,temperatura
2015-09-18,1600,0.0,34.7,34.9,temperatura
2015-09-18,1700,0.0,35.6,35.6,temperatura
2015-09-18,1800,0.0,32.8,36.0,temperatura
2015-09-18,1900,0.0,35.3,35.8,temperatura
2015-09-18,2000,0.0,35.0,35.7,temperatura
2015-09-18,2100,0.0,32.7,35.6,temperatura
2015-09-18,2200,0.0,32.3,32.8,temperatura
2015-09-18,2300,0.0,29.4,32.4,temperatura
2015-09-22,0,0.0,25.7,27.3,temperatura
2015-09-22,100,0.0,25.0,25.7,temperatura
2015-09-22,200,0.0,24.2,25.0,temperatura
2015-09-22,300,0.0,23.9,24.3,temperatura
2015-09-22,400,0.0,23.2,24.1,temperatura
2015-09-22,500,0.0,22.9,23.5,temperatura
2015-09-22,600,0.0,22.7,23.2,temperatura
2015-09-22,700,0.0,22.1,22.7,temperatura
2015-09-22,800,0.0,22.1,22.7,temperatura
2015-09-22,900,0.0,22.2,22.6,temperatura
2015-09-22,1000,0.0,21.8,22.2,temperatura
2015-09-22,1100,0.0,22.2,22.2,temperatura
2015-09-22,1200,0.2,24.1,24.1,temperatura
2015-09-22,1300,0.0,26.8,26.8,temperatura
2015-09-22,1400,0.0,29.9,30.0,temperatura
2015-09-22,1500,0.0,32.3,32.6,temperatura
2015-09-22,1600,0.0,33.4,33.7,temperatura
2015-09-22,1700,0.0,34.8,34.8,temperatura
2015-09-22,1800,0.0,34.7,34.8,temperatura
2015-09-22,1900,0.0,34.4,35.5,temperatura
2015-09-22,2000,0.0,34.9,35.3,temperatura
2015-09-22,2100,0.0,32.4,35.9,temperatura
2015-09-22,2200,0.0,31.3,32.4,temperatura
2015-09-22,2300,0.0,28.8,31.3,temperatura
2015-09-29,0,0.0,26.2,27.2,temperatura
2015-09-29,100,0.0,25.9,26.3,temperatura
2015-09-29,200,0.0,24.8,25.9,temperatura
2015-09-29,300,0.0,24.1,24.8,temperatura
2015-09-29,400,0.0,23.4,24.1,temperatura
2015-09-29,500,0.0,22.8,23.4,temperatura
2015-09-29,600,0.0,22.4,23.0,temperatura
2015-09-29,700,0.0,22.8,22.9,temperatura
2015-09-29,800,0.0,22.9,23.0,temperatura
2015-09-29,900,0.0,22.9,23.0,temperatura
2015-09-29,1000,0.0,23.0,23.0,temperatura
2015-09-29,1100,0.0,23.1,23.1,temperatura
2015-09-29,1200,0.0,23.9,24.0,temperatura
2015-09-29,1300,0.0,26.9,26.9,temperatura
2015-09-29,1400,0.0,29.3,29.5,temperatura
2015-09-29,1500,0.0,31.7,32.1,temperatura
2015-09-29,1600,0.0,33.4,33.8,temperatura
2015-09-29,1700,0.0,33.8,34.1,temperatura
2015-09-29,1800,0.0,34.6,35.0,temperatura
2015-09-29,1900,0.0,34.0,35.9,temperatura
2015-09-29,2000,0.0,32.8,35.8,temperatura
2015-09-29,2100,0.0,33.8,33.8,temperatura
2015-09-29,2200,0.0,31.7,34.3,temperatura
2015-09-29,2300,0.0,28.9,31.7,temperatura
2015-10-05,0,0.0,26.0,27.2,temperatura
2015-10-05,100,0.0,25.5,26.1,temperatura
2015-10-05,200,0.0,24.6,25.5,temperatura
2015-10-05,300,0.0,24.0,24.6,temperatura
2015-10-05,400,0.0,23.6,24.2,temperatura
2015-10-05,500,0.0,23.7,23.7,temperatura
2015-10-05,600,0.0,23.2,23.7,temperatura
2015-10-05,700,0.0,23.3,23.4,temperatura
2015-10-05,800,0.0,23.0,23.4,temperatura
2015-10-05,900,0.0,22.7,23.0,temperatura
2015-10-05,1000,0.0,22.5,22.8,temperatura
2015-10-05,1100,0.0,22.4,22.5,temperatura
2015-10-05,1200,0.0,24.1,24.1,temperatura
2015-10-05,1300,0.0,26.4,26.5,temperatura
2015-10-05,1400,0.0,28.7,28.9,temperatura
2015-10-05,1500,0.0,30.8,30.9,temperatura
2015-10-05,1600,0.0,31.9,32.2,temperatura
2015-10-05,1700,0.0,33.2,33.2,temperatura
2015-10-05,1800,0.0,33.9,34.5,temperatura
2015-10-05,1900,0.0,34.9,35.2,temperatura
2015-10-05,2000,0.0,34.7,35.3,temperatura
2015-10-05,2100,0.0,33.9,34.8,temperatura
2015-10-05,2200,0.0,31.0,34.0,temperatura
2015-10-05,2300,0.0,28.5,31.0,temperatura
2015-10-06,0,0.0,26.4,28.5,temperatura
2015-10-06,100,0.0,25.2,26.5,temperatura
2015-10-06,200,0.0,24.5,25.3,temperatura
2015-10-06,300,0.0,24.0,24.7,temperatura
2015-10-06,400,0.0,23.3,24.0,temperatura
2015-10-06,500,0.0,22.8,23.3,temperatura
2015-10-06,600,0.0,22.8,23.0,temperatura
2015-10-06,700,0.0,22.5,22.9,temperatura
2015-10-06,800,0.0,21.9,22.5,temperatura
2015-10-06,900,0.0,21.6,22.1,temperatura
2015-10-06,1000,0.0,21.3,21.8,temperatura
2015-10-06,1100,0.0,21.8,21.8,temperatura
2015-10-06,1200,0.0,24.6,24.6,temperatura
2015-10-06,1300,0.0,28.0,28.0,temperatura
2015-10-06,1400,0.0,31.3,31.3,temperatura
2015-10-06,1500,0.0,33.0,33.1,temperatura
2015-10-06,1600,0.0,34.3,34.5,temperatura
2015-10-06,1700,0.0,34.8,35.1,temperatura
2015-10-06,1800,0.0,35.9,35.9,temperatura
2015-10-06,1900,0.0,34.9,36.1,temperatura
2015-10-06,2000,0.0,35.5,35.9,temperatura
2015-10-06,2100,0.0,34.9,35.8,temperatura
2015-10-06,2200,0.0,33.2,35.0,temperatura
2015-10-06,2300,0.0,29.8,33.2,temperatura
2015-10-07,0,0.0,27.6,29.8,temperatura
2015-10-07,100,0.0,26.5,27.6,temperatura
2015-10-07,200,0.0,25.8,26.6,temperatura
2015-10-07,300,0.0,24.7,25.8,temperatura
2015-10-07,400,0.0,24.9,25.0,temperatura
2015-10-07,500,0.0,23.4,24.9,temperatura
2015-10-07,600,0.0,23.6,23.9,temperatura
2015-10-07,700,0.0,23.5,23.8,temperatura
2015-10-07,800,0.0,22.7,23.5,temperatura
2015-10-07,900,0.0,23.1,23.1,temperatura
2015-10-07,1000,0.0,22.7,23.1,temperatura
2015-10-07,1100,0.0,23.0,23.0,temperatura
2015-10-07,1200,0.0,25.3,25.3,temperatura
2015-10-07,1300,0.0,28.5,28.5,temperatura
2015-10-07,1400,0.0,30.4,30.4,temperatura
2015-10-07,1500,0.0,32.0,32.5,temperatura
2015-10-07,1600,0.0,32.9,33.5,temperatura
2015-10-07,1700,0.0,33.1,33.9,temperatura
2015-10-07,1800,0.0,34.0,34.9,temperatura
2015-10-07,1900,0.0,34.1,35.2,temperatura
2015-10-07,2000,0.0,34.9,35.1,temperatura
2015-10-07,2100,0.0,28.3,35.2,temperatura
2015-10-07,2200,0.0,25.4,28.3,temperatura
2015-10-07,2300,0.0,25.7,25.7,temperatura
2015-10-09,0,0.0,24.9,26.0,temperatura
2015-10-09,100,0.0,24.4,25.0,temperatura
2015-10-09,200,0.0,24.1,24.5,temperatura
2015-10-09,300,0.0,24.0,24.3,temperatura
2015-10-09,400,0.0,23.9,24.1,temperatura
2015-10-09,500,0.0,23.8,24.3,temperatura
2015-10-09,600,0.0,23.6,24.0,temperatura
2015-10-09,700,0.0,22.8,23.7,temperatura
2015-10-09,800,0.0,22.7,22.8,temperatura
2015-10-09,900,0.0,22.3,22.9,temperatura
2015-10-09,1000,0.0,22.4,22.5,temperatura
2015-10-09,1100,0.0,23.1,23.1,temperatura
2015-10-09,1200,0.0,25.1,25.1,temperatura
2015-10-09,1300,0.0,27.7,27.7,temperatura
2015-10-09,1400,0.0,30.8,30.8,temperatura
2015-10-09,1500,0.0,32.5,32.5,temperatura
2015-10-09,1600,0.0,33.0,33.5,temperatura
2015-10-09,1700,0.0,33.5,34.3,temperatura
2015-10-09,1800,0.0,34.3,34.3,temperatura
2015-10-09,1900,0.0,34.5,35.3,temperatura
2015-10-09,2000,0.4,28.0,35.2,temperatura
2015-10-09,2100,0.0,29.9,30.0,temperatura
2015-10-09,2200,0.0,29.6,30.7,temperatura
2015-10-09,2300,0.0,27.7,29.8,temperatura
2015-10-10,0,0.0,26.2,27.7,temperatura
2015-10-10,100,0.0,25.2,26.2,temperatura
2015-10-10,200,0.0,24.9,25.4,temperatura
2015-10-10,300,0.0,24.2,24.9,temperatura
2015-10-10,400,0.0,23.8,24.2,temperatura
2015-10-10,500,0.0,23.4,23.8,temperatura
2015-10-10,600,0.0,23.0,23.4,temperatura
2015-10-10,700,0.0,22.9,23.2,temperatura
2015-10-10,800,0.0,22.7,22.9,temperatura
2015-10-10,900,0.0,22.2,22.7,temperatura
2015-10-10,1000,0.0,22.0,22.4,temperatura
2015-10-10,1100,0.0,22.6,22.6,temperatura
2015-10-10,1200,0.0,25.1,25.1,temperatura
2015-10-10,1300,0.0,27.7,27.7,temperatura
2015-10-10,1400,0.0,30.8,30.8,temperatura
2015-10-10,1500,0.0,32.9,32.9,temperatura
2015-10-10,1600,0.0,34.4,34.4,temperatura
2015-10-10,1700,0.0,34.7,35.3,temperatura
2015-10-10,1800,0.0,34.5,35.7,temperatura
2015-10-10,1900,0.0,35.8,36.3,temperatura
2015-10-10,2000,0.0,36.2,36.8,temperatura
2015-10-10,2100,0.0,34.7,36.5,temperatura
2015-10-10,2200,0.0,34.1,35.0,temperatura
2015-10-10,2300,0.0,30.4,34.1,temperatura
2015-10-21,0,0.0,24.8,26.0,temperatura
2015-10-21,100,0.0,23.8,24.8,temperatura
2015-10-21,200,0.0,23.5,23.9,temperatura
2015-10-21,300,0.0,23.2,23.5,temperatura
2015-10-21,400,0.0,22.5,23.2,temperatura
2015-10-21,500,0.0,22.4,22.7,temperatura
2015-10-21,600,0.0,21.9,22.6,temperatura
2015-10-21,700,0.0,22.0,22.3,temperatura
2015-10-21,800,0.0,21.8,22.2,temperatura
2015-10-21,900,0.0,21.5,21.8,temperatura
2015-10-21,1000,0.0,21.4,21.6,temperatura
2015-10-21,1100,0.0,22.0,22.0,temperatura
2015-10-21,1200,0.0,24.5,24.5,temperatura
2015-10-21,1300,0.0,27.2,27.2,temperatura
2015-10-21,1400,0.0,30.7,30.7,temperatura
2015-10-21,1500,0.0,32.4,33.0,temperatura
2015-10-21,1600,0.0,33.3,34.1,temperatura
2015-10-21,1700,0.0,34.1,34.4,temperatura
2015-10-21,1800,0.0,34.5,35.0,temperatura
2015-10-21,1900,0.0,30.4,35.5,temperatura
2015-10-21,2000,0.0,28.6,31.6,temperatura
2015-10-21,2100,0.0,32.0,32.0,temperatura
2015-10-21,2200,0.0,30.4,32.0,temperatura
2015-10-21,2300,0.0,27.9,30.4,temperatura
2015-10-22,0,0.0,26.7,27.9,temperatura
2015-10-22,100,0.0,25.4,26.7,temperatura
2015-10-22,200,0.0,24.5,25.5,temperatura
2015-10-22,300,0.0,24.4,24.8,temperatura
2015-10-22,400,0.0,23.6,24.4,temperatura
2015-10-22,500,0.0,23.5,23.8,temperatura
2015-10-22,600,0.0,23.2,23.5,temperatura
2015-10-22,700,0.0,22.3,23.2,temperatura
2015-10-22,800,0.0,22.2,22.7,temperatura
2015-10-22,900,0.0,22.0,22.4,temperatura
2015-10-22,1000,0.0,21.8,22.1,temperatura
2015-10-22,1100,0.0,22.4,22.5,temperatura
2015-10-22,1200,0.0,24.7,24.8,temperatura
2015-10-22,1300,0.0,27.8,27.8,temperatura
2015-10-22,1400,0.0,31.3,31.4,temperatura
2015-10-22,1500,0.0,33.5,33.8,temperatura
2015-10-22,1600,0.0,34.9,35.2,temperatura
2015-10-22,1700,0.0,35.5,35.6,temperatura
2015-10-22,1800,0.0,34.7,36.2,temperatura
2015-10-22,1900,0.0,35.3,36.0,temperatura
2015-10-22,2000,0.0,34.1,35.4,temperatura
2015-10-22,2100,0.0,33.7,34.4,temperatura
2015-10-22,2200,0.0,32.1,33.9,temperatura
2015-10-22,2300,0.0,29.8,32.1,temperatura
2015-10-23,0,0.0,28.7,29.8,temperatura
2015-10-23,100,0.0,27.2,28.7,temperatura
2015-10-23,200,0.0,26.5,27.3,temperatura
2015-10-23,300,0.0,25.3,26.5,temperatura
2015-10-23,400,0.0,24.7,25.3,temperatura
2015-10-23,500,0.0,24.0,24.7,temperatura
2015-10-23,600,0.0,23.7,24.2,temperatura
2015-10-23,700,0.0,23.5,23.8,temperatura
2015-10-23,800,0.0,23.2,23.6,temperatura
2015-10-23,900,0.0,22.7,23.2,temperatura
2015-10-23,1000,0.0,22.7,22.8,temperatura
2015-10-23,1100,0.0,23.2,23.2,temperatura
2015-10-23,1200,0.0,25.7,25.7,temperatura
2015-10-23,1300,0.0,28.8,29.0,temperatura
2015-10-23,1400,0.0,31.7,31.7,temperatura
2015-10-23,1500,0.0,33.8,33.8,temperatura
2015-10-23,1600,0.0,34.2,35.0,temperatura
2015-10-23,1700,0.0,34.9,35.0,temperatura
2015-10-23,1800,0.8,30.4,35.5,temperatura
2015-10-23,1900,0.0,34.0,34.0,temperatura
2015-10-23,2000,0.0,35.6,35.6,temperatura
2015-10-23,2100,0.0,33.4,35.6,temperatura
2015-10-23,2200,10.2,24.6,33.3,temperatura
2015-10-23,2300,66.0,22.4,24.6,temperatura
2015-11-20,0,0.0,27.0,28.9,temperatura
2015-11-20,100,0.0,26.3,26.9,temperatura
2015-11-20,200,0.0,25.5,26.3,temperatura
2015-11-20,300,0.0,25.2,25.5,temperatura
2015-11-20,400,0.0,25.0,25.3,temperatura
2015-11-20,500,0.0,24.9,25.0,temperatura
2015-11-20,600,0.0,24.1,24.9,temperatura
2015-11-20,700,0.0,23.9,24.2,temperatura
2015-11-20,800,0.0,23.6,24.0,temperatura
2015-11-20,900,0.0,23.5,23.7,temperatura
2015-11-20,1000,0.0,23.1,23.6,temperatura
2015-11-20,1100,0.0,23.8,23.8,temperatura
2015-11-20,1200,0.0,26.0,26.1,temperatura
2015-11-20,1300,0.0,29.2,29.2,temperatura
2015-11-20,1400,0.0,31.6,31.9,temperatura
2015-11-20,1500,0.0,32.8,32.9,temperatura
2015-11-20,1600,0.0,33.4,33.8,temperatura
2015-11-20,1700,0.0,32.0,34.1,temperatura
2015-11-20,1800,0.0,34.3,34.9,temperatura
2015-11-20,1900,0.0,33.9,35.3,temperatura
2015-11-20,2000,0.0,34.6,35.3,temperatura
2015-11-20,2100,0.0,34.5,35.4,temperatura
2015-11-20,2200,0.0,33.0,34.7,temperatura
2015-11-20,2300,0.0,29.7,33.0,temperatura
2015-11-21,0,0.0,27.7,29.8,temperatura
2015-11-21,100,0.0,27.0,27.8,temperatura
2015-11-21,200,0.0,26.8,27.0,temperatura
2015-11-21,300,0.0,25.9,26.8,temperatura
2015-11-21,400,0.0,25.5,26.0,temperatura
2015-11-21,500,0.0,25.1,25.6,temperatura
2015-11-21,600,0.0,25.0,25.4,temperatura
2015-11-21,700,0.0,24.5,25.0,temperatura
2015-11-21,800,0.0,23.9,24.7,temperatura
2015-11-21,900,0.0,24.2,24.3,temperatura
2015-11-21,1000,0.0,23.6,24.2,temperatura
2015-11-21,1100,0.0,24.6,24.8,temperatura
2015-11-21,1200,0.0,26.8,26.8,temperatura
2015-11-21,1300,0.0,29.3,29.4,temperatura
2015-11-21,1400,0.0,32.2,32.2,temperatura
2015-11-21,1500,0.0,33.1,33.4,temperatura
2015-11-21,1600,0.0,34.4,35.0,temperatura
2015-11-21,1700,0.0,31.3,35.1,temperatura
2015-11-21,1800,0.0,35.3,35.6,temperatura
2015-11-21,1900,0.0,34.7,35.4,temperatura
2015-11-21,2000,0.0,30.9,34.9,temperatura
2015-11-21,2100,0.0,27.9,30.9,temperatura
2015-11-21,2200,0.0,27.0,27.9,temperatura
2015-11-21,2300,0.0,26.2,27.1,temperatura
2015-11-26,0,0.0,27.8,29.7,temperatura
2015-11-26,100,0.0,27.0,27.8,temperatura
2015-11-26,200,0.0,26.7,27.0,temperatura
2015-11-26,300,0.0,26.1,26.7,temperatura
2015-11-26,400,0.0,25.5,26.1,temperatura
2015-11-26,500,0.0,25.9,26.0,temperatura
2015-11-26,600,0.0,26.0,26.1,temperatura
2015-11-26,700,0.0,25.7,26.1,temperatura
2015-11-26,800,0.0,24.7,25.7,temperatura
2015-11-26,900,0.0,24.3,24.7,temperatura
2015-11-26,1000,0.0,23.9,24.3,temperatura
2015-11-26,1100,0.0,24.9,24.9,temperatura
2015-11-26,1200,0.0,26.6,26.8,temperatura
2015-11-26,1300,0.0,29.4,29.5,temperatura
2015-11-26,1400,0.0,31.5,31.6,temperatura
2015-11-26,1500,0.0,32.6,32.8,temperatura
2015-11-26,1600,0.2,31.6,33.1,temperatura
2015-11-26,1700,0.0,33.2,34.5,temperatura
2015-11-26,1800,0.0,33.8,34.4,temperatura
2015-11-26,1900,0.0,32.8,35.4,temperatura
2015-11-26,2000,0.0,32.7,32.9,temperatura
2015-11-26,2100,0.0,32.7,33.1,temperatura
2015-11-26,2200,0.0,29.4,33.2,temperatura
2015-11-26,2300,0.0,26.4,29.4,temperatura
2016-01-23,0,0.0,26.4,28.7,temperatura
2016-01-23,100,0.0,25.8,26.6,temperatura
2016-01-23,200,0.0,25.3,25.9,temperatura
2016-01-23,300,0.0,24.9,25.4,temperatura
2016-01-23,400,0.0,25.0,25.1,temperatura
2016-01-23,500,0.0,24.8,25.0,temperatura
2016-01-23,600,0.0,24.4,24.8,temperatura
2016-01-23,700,0.0,23.9,24.4,temperatura
2016-01-23,800,0.0,23.6,23.9,temperatura
2016-01-23,900,0.0,23.1,23.6,temperatura
2016-01-23,1000,0.0,23.1,23.3,temperatura
2016-01-23,1100,0.0,23.4,23.4,temperatura
2016-01-23,1200,0.0,24.8,24.8,temperatura
2016-01-23,1300,0.0,26.7,26.9,temperatura
2016-01-23,1400,0.0,29.6,29.6,temperatura
2016-01-23,1500,0.0,31.1,31.2,temperatura
2016-01-23,1600,0.0,32.1,32.3,temperatura
2016-01-23,1700,0.0,33.8,33.8,temperatura
2016-01-23,1800,0.0,33.4,34.1,temperatura
2016-01-23,1900,0.0,33.4,34.5,temperatura
2016-01-23,2000,0.0,34.3,34.9,temperatura
2016-01-23,2100,0.0,34.5,35.1,temperatura
2016-01-23,2200,0.0,33.7,34.5,temperatura
2016-01-23,2300,0.0,30.3,33.8,temperatura
2016-01-24,0,0.0,27.5,30.3,temperatura
2016-01-24,100,0.0,26.7,27.6,temperatura
2016-01-24,200,0.0,25.9,26.7,temperatura
2016-01-24,300,0.0,25.8,26.0,temperatura
2016-01-24,400,0.0,25.5,25.8,temperatura
2016-01-24,500,0.0,25.2,25.5,temperatura
2016-01-24,600,0.0,24.7,25.3,temperatura
2016-01-24,700,0.0,24.1,24.7,temperatura
2016-01-24,800,0.0,24.0,24.1,temperatura
2016-01-24,900,0.0,23.9,24.0,temperatura
2016-01-24,1000,0.2,23.7,24.0,temperatura
2016-01-24,1100,0.0,23.7,23.7,temperatura
2016-01-24,1200,0.0,24.5,24.5,temperatura
2016-01-24,1300,0.0,25.4,25.6,temperatura
2016-01-24,1400,0.0,28.4,28.4,temperatura
2016-01-24,1500,0.0,30.7,30.7,temperatura
2016-01-24,1600,0.0,32.0,32.1,temperatura
2016-01-24,1700,0.0,31.9,33.2,temperatura
2016-01-24,1800,0.0,33.9,34.2,temperatura
2016-01-24,1900,0.0,33.6,34.6,temperatura
2016-01-24,2000,0.0,34.7,35.2,temperatura
2016-01-24,2100,0.0,35.4,35.5,temperatura
2016-01-24,2200,0.0,34.9,35.5,temperatura
2016-01-24,2300,0.0,30.5,34.9,temperatura
2016-09-29,0,0.0,23.9,24.3,temperatura
2016-09-29,100,0.0,23.6,24.0,temperatura
2016-09-29,200,0.0,23.2,23.6,temperatura
2016-09-29,300,0.0,22.7,23.3,temperatura
2016-09-29,400,0.0,22.7,22.9,temperatura
2016-09-29,500,0.0,22.4,22.8,temperatura
2016-09-29,600,0.0,22.2,22.5,temperatura
2016-09-29,700,0.0,21.9,22.3,temperatura
2016-09-29,800,0.0,22.0,22.0,temperatura
2016-09-29,900,0.0,21.7,22.0,temperatura
2016-09-29,1000,0.0,21.8,21.9,temperatura
2016-09-29,1100,0.0,21.5,21.8,temperatura
2016-09-29,1200,0.0,23.4,23.4,temperatura
2016-09-29,1300,0.2,26.6,26.6,temperatura
2016-09-29,1400,0.0,28.8,29.0,temperatura
2016-09-29,1500,0.0,31.5,31.6,temperatura
2016-09-29,1600,0.0,33.0,33.0,temperatura
2016-09-29,1700,0.0,33.3,34.0,temperatura
2016-09-29,1800,0.0,34.4,34.7,temperatura
2016-09-29,1900,0.0,34.7,35.3,temperatura
2016-09-29,2000,0.0,34.7,35.2,temperatura
2016-09-29,2100,0.0,34.5,34.8,temperatura
2016-09-29,2200,0.0,33.6,34.5,temperatura
2016-09-29,2300,0.0,29.4,33.6,temperatura
2016-10-05,0,0.0,24.4,24.9,temperatura
2016-10-05,100,0.0,23.4,24.4,temperatura
2016-10-05,200,0.0,23.4,23.6,temperatura
2016-10-05,300,0.0,23.1,23.5,temperatura
2016-10-05,400,0.0,22.8,23.1,temperatura
2016-10-05,500,0.0,22.4,22.8,temperatura
2016-10-05,600,0.0,22.1,22.4,temperatura
2016-10-05,700,0.0,21.9,22.3,temperatura
2016-10-05,800,0.0,21.7,21.9,temperatura
2016-10-05,900,0.0,21.3,21.7,temperatura
2016-10-05,1000,0.0,21.3,21.5,temperatura
2016-10-05,1100,0.0,21.5,21.5,temperatura
2016-10-05,1200,0.0,23.5,23.7,temperatura
2016-10-05,1300,0.0,27.7,27.7,temperatura
2016-10-05,1400,0.2,30.5,30.6,temperatura
2016-10-05,1500,0.0,32.1,32.4,temperatura
2016-10-05,1600,0.0,33.1,33.7,temperatura
2016-10-05,1700,0.0,33.5,34.5,temperatura
2016-10-05,1800,0.0,33.7,35.0,temperatura
2016-10-05,1900,0.0,35.1,35.2,temperatura
2016-10-05,2000,0.0,33.7,35.5,temperatura
2016-10-05,2100,0.0,31.1,33.8,temperatura
2016-10-05,2200,0.0,31.2,32.3,temperatura
2016-10-05,2300,0.0,27.8,31.3,temperatura
2016-10-06,0,0.0,26.7,27.9,temperatura
2016-10-06,100,0.0,25.5,26.7,temperatura
2016-10-06,200,0.0,24.6,25.6,temperatura
2016-10-06,300,0.0,24.4,24.9,temperatura
2016-10-06,400,0.0,23.7,24.5,temperatura
2016-10-06,500,0.0,23.6,24.0,temperatura
2016-10-06,600,0.0,23.5,23.6,temperatura
2016-10-06,700,0.0,23.1,23.6,temperatura
2016-10-06,800,0.0,22.8,23.2,temperatura
2016-10-06,900,0.0,22.6,22.8,temperatura
2016-10-06,1000,0.0,22.4,22.7,temperatura
2016-10-06,1100,0.0,23.4,23.4,temperatura
2016-10-06,1200,0.0,26.0,26.3,temperatura
2016-10-06,1300,0.0,28.4,28.7,temperatura
2016-10-06,1400,0.0,31.0,31.1,temperatura
2016-10-06,1500,0.0,32.7,32.9,temperatura
2016-10-06,1600,0.0,33.5,34.7,temperatura
2016-10-06,1700,0.0,34.0,35.4,temperatura
2016-10-06,1800,0.0,35.0,35.2,temperatura
2016-10-06,1900,0.0,34.7,35.8,temperatura
2016-10-06,2000,0.0,35.2,36.1,temperatura
2016-10-06,2100,0.0,34.8,35.4,temperatura
2016-10-06,2200,0.0,33.7,35.6,temperatura
2016-10-06,2300,0.0,29.2,34.1,temperatura
2016-10-13,0,0.0,25.1,26.3,temperatura
2016-10-13,100,0.0,24.6,25.2,temperatura
2016-10-13,200,0.0,23.9,24.7,temperatura
2016-10-13,300,0.0,23.6,24.2,temperatura
2016-10-13,400,0.0,23.4,23.6,temperatura
2016-10-13,500,0.0,23.2,23.4,temperatura
2016-10-13,600,0.0,22.5,23.2,temperatura
2016-10-13,700,0.0,22.5,22.8,temperatura
2016-10-13,800,0.0,22.3,22.6,temperatura
2016-10-13,900,0.0,21.8,22.7,temperatura
2016-10-13,1000,0.0,22.0,22.2,temperatura
2016-10-13,1100,0.0,22.9,22.9,temperatura
2016-10-13,1200,0.0,25.3,25.3,temperatura
2016-10-13,1300,0.0,28.5,28.5,temperatura
2016-10-13,1400,0.0,30.3,31.1,temperatura
2016-10-13,1500,0.0,32.0,32.5,temperatura
2016-10-13,1600,0.0,33.6,33.8,temperatura
2016-10-13,1700,0.0,34.1,34.4,temperatura
2016-10-13,1800,0.0,34.6,34.6,temperatura
2016-10-13,1900,0.0,30.3,35.4,temperatura
2016-10-13,2000,0.0,30.3,33.7,temperatura
2016-10-13,2100,0.0,31.1,31.8,temperatura
2016-10-13,2200,0.0,31.5,32.0,temperatura
2016-10-13,2300,0.0,28.5,31.5,temperatura
2016-10-17,0,0.0,26.3,28.0,temperatura
2016-10-17,100,0.0,26.0,26.3,temperatura
2016-10-17,200,0.0,24.6,26.0,temperatura
2016-10-17,300,0.0,24.6,25.0,temperatura
2016-10-17,400,0.0,24.2,24.7,temperatura
2016-10-17,500,0.0,23.8,24.4,temperatura
2016-10-17,600,0.0,23.7,23.9,temperatura
2016-10-17,700,0.0,23.5,23.7,temperatura
2016-10-17,800,0.0,23.3,23.6,temperatura
2016-10-17,900,0.0,22.9,23.4,temperatura
2016-10-17,1000,0.0,22.8,23.1,temperatura
2016-10-17,1100,0.0,23.4,23.4,temperatura
2016-10-17,1200,0.0,25.5,25.5,temperatura
2016-10-17,1300,0.0,28.8,28.8,temperatura
2016-10-17,1400,0.0,31.0,31.2,temperatura
2016-10-17,1500,0.0,33.2,33.5,temperatura
2016-10-17,1600,0.0,34.2,34.2,temperatura
2016-10-17,1700,0.0,32.9,34.6,temperatura
2016-10-17,1800,0.0,35.1,35.4,temperatura
2016-10-17,1900,0.0,35.0,35.6,temperatura
2016-10-17,2000,0.0,34.7,35.1,temperatura
2016-10-17,2100,0.0,34.3,35.2,temperatura
2016-10-17,2200,0.0,32.9,34.3,temperatura
2016-10-17,2300,0.0,29.9,32.9,temperatura
2016-10-18,0,0.0,27.6,29.9,temperatura
2016-10-18,100,0.0,26.5,27.6,temperatura
2016-10-18,200,0.0,26.0,26.6,temperatura
2016-10-18,300,0.0,25.7,26.4,temperatura
2016-10-18,400,0.0,25.3,25.7,temperatura
2016-10-18,500,0.0,24.8,25.4,temperatura
2016-10-18,600,0.0,24.5,25.1,temperatura
2016-10-18,700,0.0,24.5,24.6,temperatura
2016-10-18,800,0.0,24.2,24.6,temperatura
2016-10-18,900,0.0,23.7,24.2,temperatura
2016-10-18,1000,0.0,23.8,23.8,temperatura
2016-10-18,1100,0.0,23.9,24.0,temperatura
2016-10-18,1200,0.0,26.6,26.7,temperatura
2016-10-18,1300,0.0,28.8,29.1,temperatura
2016-10-18,1400,0.0,30.6,31.0,temperatura
2016-10-18,1500,0.0,32.1,32.3,temperatura
2016-10-18,1600,0.0,33.2,33.3,temperatura
2016-10-18,1700,0.0,34.6,34.8,temperatura
2016-10-18,1800,,,,temperatura
2016-10-18,1900,0.0,35.3,35.9,temperatura
2016-10-18,2000,0.0,35.5,35.9,temperatura
2016-10-18,2100,0.0,35.0,35.8,temperatura
2016-10-18,2200,0.0,32.9,35.0,temperatura
2016-10-18,2300,0.0,28.2,32.9,temperatura
2016-10-19,0,0.0,26.3,28.2,temperatura
2016-10-19,100,0.0,25.8,26.7,temperatura
2016-10-19,200,0.0,24.8,25.8,temperatura
2016-10-19,300,0.0,24.7,25.1,temperatura
2016-10-19,400,0.0,24.4,24.7,temperatura
2016-10-19,500,0.0,23.6,24.4,temperatura
2016-10-19,600,0.0,23.3,23.8,temperatura
2016-10-19,700,0.0,23.0,23.5,temperatura
2016-10-19,800,0.0,22.8,23.0,temperatura
2016-10-19,900,0.0,22.7,22.8,temperatura
2016-10-19,1000,0.0,22.0,22.7,temperatura
2016-10-19,1100,0.0,23.5,23.5,temperatura
2016-10-19,1200,0.0,26.1,26.1,temperatura
2016-10-19,1300,0.0,28.8,28.8,temperatura
2016-10-19,1400,0.0,31.2,31.2,temperatura
2016-10-19,1500,0.0,32.8,33.0,temperatura
2016-10-19,1600,0.0,34.9,35.5,temperatura
2016-10-19,1700,0.0,34.1,35.1,temperatura
2016-10-19,1800,0.4,27.7,35.3,temperatura
2016-10-19,1900,4.8,27.6,27.7,temperatura
2016-10-19,2000,0.0,28.2,28.5,temperatura
2016-10-19,2100,0.0,28.0,30.0,temperatura
2016-10-19,2200,0.0,26.5,28.0,temperatura
2016-10-19,2300,0.0,25.2,26.5,temperatura
2016-10-20,0,0.0,24.5,25.3,temperatura
2016-10-20,100,0.0,24.8,24.8,temperatura
2016-10-20,200,0.0,24.7,24.8,temperatura
2016-10-20,300,0.0,24.3,24.8,temperatura
2016-10-20,400,0.0,24.1,24.3,temperatura
2016-10-20,500,0.0,23.7,24.2,temperatura
2016-10-20,600,0.0,23.2,23.7,temperatura
2016-10-20,700,0.0,23.1,23.4,temperatura
2016-10-20,800,0.0,22.9,23.2,temperatura
2016-10-20,900,0.0,23.0,23.1,temperatura
2016-10-20,1000,0.0,23.2,23.3,temperatura
2016-10-20,1100,0.0,23.4,23.4,temperatura
2016-10-20,1200,0.0,24.9,24.9,temperatura
2016-10-20,1300,0.0,27.0,27.1,temperatura
2016-10-20,1400,0.0,30.1,30.1,temperatura
2016-10-20,1500,0.0,32.0,32.3,temperatura
2016-10-20,1600,0.0,33.6,33.6,temperatura
2016-10-20,1700,0.0,34.9,35.3,temperatura
2016-10-20,1800,0.0,35.3,35.7,temperatura
2016-10-20,1900,0.0,35.2,36.2,temperatura
2016-10-20,2000,0.6,29.0,35.9,temperatura
2016-10-20,2100,0.0,30.2,30.2,temperatura
2016-10-20,2200,0.0,28.7,30.2,temperatura
2016-10-20,2300,0.0,26.8,28.7,temperatura
2017-09-03,0,0.0,25.8,28.0,temperatura
2017-09-03,100,0.0,25.1,25.9,temperatura
2017-09-03,200,0.0,24.2,25.3,temperatura
2017-09-03,300,0.0,24.0,24.2,temperatura
2017-09-03,400,0.0,23.6,24.1,temperatura
2017-09-03,500,0.0,23.2,23.7,temperatura
2017-09-03,600,0.0,22.8,23.2,temperatura
2017-09-03,700,0.0,22.5,22.8,temperatura
2017-09-03,800,0.0,22.2,22.6,temperatura
2017-09-03,900,0.0,21.5,22.3,temperatura
2017-09-03,1000,0.0,21.6,21.9,temperatura
2017-09-03,1100,0.0,21.6,21.8,temperatura
2017-09-03,1200,0.0,23.9,24.0,temperatura
2017-09-03,1300,0.0,27.2,27.4,temperatura
2017-09-03,1400,0.0,30.0,30.3,temperatura
2017-09-03,1500,0.0,31.7,32.4,temperatura
2017-09-03,1600,0.0,33.8,33.9,temperatura
2017-09-03,1700,0.0,34.7,34.7,temperatura
2017-09-03,1800,0.0,34.8,35.8,temperatura
2017-09-03,1900,0.0,34.3,35.8,temperatura
2017-09-03,2000,0.0,34.4,35.4,temperatura
2017-09-03,2100,0.0,30.8,34.4,temperatura
2017-09-03,2200,0.0,28.1,30.8,temperatura
2017-09-03,2300,0.0,26.0,28.1,temperatura
2017-09-04,0,0.0,24.7,26.1,temperatura
2017-09-04,100,0.0,24.0,24.8,temperatura
2017-09-04,200,0.0,23.7,24.2,temperatura
2017-09-04,300,0.0,23.6,23.8,temperatura
2017-09-04,400,0.0,22.3,23.6,temperatura
2017-09-04,500,0.0,22.5,22.9,temperatura
2017-09-04,600,0.0,22.3,22.7,temperatura
2017-09-04,700,0.0,22.0,22.3,temperatura
2017-09-04,800,0.0,21.6,22.0,temperatura
2017-09-04,900,0.0,21.4,21.7,temperatura
2017-09-04,1000,0.0,21.0,21.5,temperatura
2017-09-04,1100,0.0,21.0,21.4,temperatura
2017-09-04,1200,0.0,23.7,23.7,temperatura
2017-09-04,1300,0.0,26.6,26.6,temperatura
2017-09-04,1400,0.0,29.1,29.1,temperatura
2017-09-04,1500,0.0,31.6,31.6,temperatura
2017-09-04,1600,0.0,34.0,34.0,temperatura
2017-09-04,1700,0.0,34.6,34.7,temperatura
2017-09-04,1800,0.0,34.6,35.7,temperatura
2017-09-04,1900,0.0,31.5,35.9,temperatura
2017-09-04,2000,0.0,29.8,31.6,temperatura
2017-09-04,2100,0.0,28.9,29.8,temperatura
2017-09-04,2200,0.0,27.5,28.9,temperatura
2017-09-04,2300,0.0,25.6,27.5,temperatura
2017-09-05,0,0.0,24.4,25.8,temperatura
2017-09-05,100,0.0,23.9,24.5,temperatura
2017-09-05,200,0.0,23.6,23.9,temperatura
2017-09-05,300,0.0,23.1,23.6,temperatura
2017-09-05,400,0.0,22.7,23.2,temperatura
2017-09-05,500,0.0,22.4,22.8,temperatura
2017-09-05,600,0.0,22.2,22.4,temperatura
2017-09-05,700,0.0,22.1,22.2,temperatura
2017-09-05,800,0.0,21.7,22.2,temperatura
2017-09-05,900,0.0,21.4,22.0,temperatura
2017-09-05,1000,0.0,21.1,21.9,temperatura
2017-09-05,1100,0.0,21.2,21.4,temperatura
2017-09-05,1200,0.0,23.6,23.6,temperatura
2017-09-05,1300,0.0,26.4,26.4,temperatura
2017-09-05,1400,0.0,29.5,29.6,temperatura
2017-09-05,1500,0.0,32.1,32.1,temperatura
2017-09-05,1600,0.0,33.5,33.5,temperatura
2017-09-05,1700,0.0,34.0,34.9,temperatura
2017-09-05,1800,0.0,34.7,35.4,temperatura
2017-09-05,1900,0.0,35.4,36.0,temperatura
2017-09-05,2000,0.0,35.0,35.7,temperatura
2017-09-05,2100,0.0,34.0,35.0,temperatura
2017-09-05,2200,0.0,30.3,34.0,temperatura
2017-09-05,2300,0.0,28.8,30.4,temperatura
2017-09-21,0,0.0,25.8,27.1,temperatura
2017-09-21,100,0.0,24.6,25.8,temperatura
2017-09-21,200,0.0,24.2,24.6,temperatura
2017-09-21,300,0.0,23.5,24.3,temperatura
2017-09-21,400,0.0,23.1,23.5,temperatura
2017-09-21,500,0.0,22.8,23.2,temperatura
2017-09-21,600,0.0,22.5,22.9,temperatura
2017-09-21,700,0.0,22.5,22.7,temperatura
2017-09-21,800,0.0,22.2,22.5,temperatura
2017-09-21,900,0.0,21.8,22.3,temperatura
2017-09-21,1000,0.0,21.8,22.1,temperatura
2017-09-21,1100,0.0,22.0,22.0,temperatura
2017-09-21,1200,0.0,23.4,23.5,temperatura
2017-09-21,1300,0.0,26.5,26.5,temperatura
2017-09-21,1400,0.0,29.1,29.3,temperatura
2017-09-21,1500,0.0,31.7,31.9,temperatura
2017-09-21,1600,0.0,32.7,32.9,temperatura
2017-09-21,1700,0.0,33.7,34.0,temperatura
2017-09-21,1800,0.0,33.9,34.4,temperatura
2017-09-21,1900,0.0,34.8,34.8,temperatura
2017-09-21,2000,0.0,33.9,35.3,temperatura
2017-09-21,2100,0.0,32.7,34.3,temperatura
2017-09-21,2200,0.0,29.7,32.7,temperatura
2017-09-21,2300,0.0,28.3,29.7,temperatura
2017-10-03,0,0.0,26.1,28.2,temperatura
2017-10-03,100,0.0,24.9,26.1,temperatura
2017-10-03,200,0.0,24.7,25.1,temperatura
2017-10-03,300,0.0,24.6,25.7,temperatura
2017-10-03,400,0.0,23.9,24.5,temperatura
2017-10-03,500,0.0,23.6,23.9,temperatura
2017-10-03,600,0.0,23.0,23.7,temperatura
2017-10-03,700,0.0,22.5,23.1,temperatura
2017-10-03,800,0.0,22.2,22.7,temperatura
2017-10-03,900,0.0,22.1,22.4,temperatura
2017-10-03,1000,0.0,21.9,22.2,temperatura
2017-10-03,1100,0.0,22.7,22.9,temperatura
2017-10-03,1200,0.0,25.7,25.8,temperatura
2017-10-03,1300,0.0,28.3,28.3,temperatura
2017-10-03,1400,0.0,31.0,31.0,temperatura
2017-10-03,1500,0.0,32.5,32.9,temperatura
2017-10-03,1600,0.0,34.3,34.7,temperatura
2017-10-03,1700,0.0,34.0,35.2,temperatura
2017-10-03,1800,0.0,34.3,34.6,temperatura
2017-10-03,1900,0.0,34.4,34.6,temperatura
2017-10-03,2000,0.0,32.8,34.6,temperatura
2017-10-03,2100,0.0,29.5,33.0,temperatura
2017-10-03,2200,0.0,27.9,29.4,temperatura
2017-10-03,2300,0.0,25.8,27.9,temperatura
2017-10-09,0,0.0,25.3,27.2,temperatura
2017-10-09,100,0.0,24.3,25.3,temperatura
2017-10-09,200,0.0,23.6,24.4,temperatura
2017-10-09,300,0.0,23.5,23.8,temperatura
2017-10-09,400,0.0,23.0,23.9,temperatura
2017-10-09,500,0.0,22.7,23.2,temperatura
2017-10-09,600,0.0,22.5,22.9,temperatura
2017-10-09,700,0.0,22.1,22.6,temperatura
2017-10-09,800,0.0,21.8,22.2,temperatura
2017-10-09,900,0.0,21.2,22.1,temperatura
2017-10-09,1000,0.0,21.0,21.4,temperatura
2017-10-09,1100,0.0,21.3,21.3,temperatura
2017-10-09,1200,0.0,25.7,25.8,temperatura
2017-10-09,1300,0.0,28.5,28.7,temperatura
2017-10-09,1400,0.0,30.9,31.0,temperatura
2017-10-09,1500,0.0,31.7,32.7,temperatura
2017-10-09,1600,0.0,33.3,33.3,temperatura
2017-10-09,1700,0.0,33.7,34.5,temperatura
2017-10-09,1800,0.0,34.3,35.2,temperatura
2017-10-09,1900,0.0,35.4,35.8,temperatura
2017-10-09,2000,0.0,34.8,36.2,temperatura
2017-10-09,2100,0.0,31.2,34.9,temperatura
2017-10-09,2200,0.0,29.7,31.2,temperatura
2017-10-09,2300,0.0,26.5,29.7,temperatura
2017-10-11,0,0.0,23.5,24.0,temperatura
2017-10-11,100,0.0,23.1,23.6,temperatura
2017-10-11,200,0.0,22.8,23.1,temperatura
2017-10-11,300,0.0,22.7,23.0,temperatura
2017-10-11,400,0.0,22.9,22.9,temperatura
2017-10-11,500,0.0,22.7,22.9,temperatura
2017-10-11,600,0.2,22.6,22.8,temperatura
2017-10-11,700,0.0,22.3,22.6,temperatura
2017-10-11,800,0.0,21.9,22.3,temperatura
2017-10-11,900,0.0,22.1,22.1,temperatura
2017-10-11,1000,0.0,22.1,22.1,temperatura
2017-10-11,1100,0.0,22.0,22.2,temperatura
2017-10-11,1200,0.0,22.7,22.9,temperatura
2017-10-11,1300,0.0,25.4,25.4,temperatura
2017-10-11,1400,0.0,27.2,27.3,temperatura
2017-10-11,1500,0.2,29.0,29.2,temperatura
2017-10-11,1600,0.0,31.4,31.7,temperatura
2017-10-11,1700,0.0,32.8,32.8,temperatura
2017-10-11,1800,0.0,33.6,34.2,temperatura
2017-10-11,1900,0.0,34.5,35.4,temperatura
2017-10-11,2000,1.8,24.4,34.5,temperatura
2017-10-11,2100,1.4,26.3,26.3,temperatura
2017-10-11,2200,0.0,27.7,28.1,temperatura
2017-10-11,2300,0.0,25.7,27.7,temperatura
2017-10-17,0,0.0,25.3,27.4,temperatura
2017-10-17,100,0.0,24.8,25.5,temperatura
2017-10-17,200,0.0,24.0,24.8,temperatura
2017-10-17,300,0.0,23.7,24.2,temperatura
2017-10-17,400,0.0,23.7,23.8,temperatura
2017-10-17,500,0.0,23.4,24.0,temperatura
2017-10-17,600,0.0,23.1,23.4,temperatura
2017-10-17,700,0.0,22.7,23.2,temperatura
2017-10-17,800,0.0,22.3,22.9,temperatura
2017-10-17,900,0.0,21.9,22.3,temperatura
2017-10-17,1000,0.0,22.0,22.0,temperatura
2017-10-17,1100,0.0,23.0,23.0,temperatura
2017-10-17,1200,0.0,24.6,24.6,temperatura
2017-10-17,1300,0.0,26.7,26.7,temperatura
2017-10-17,1400,0.0,29.2,29.2,temperatura
2017-10-17,1500,0.0,31.6,31.7,temperatura
2017-10-17,1600,0.0,32.6,32.8,temperatura
2017-10-17,1700,0.0,34.0,34.0,temperatura
2017-10-17,1800,0.0,34.6,34.7,temperatura
2017-10-17,1900,0.0,35.3,35.3,temperatura
2017-10-17,2000,0.0,34.8,35.3,temperatura
2017-10-17,2100,0.0,34.1,35.1,temperatura
2017-10-17,2200,0.0,32.7,34.7,temperatura
2017-10-17,2300,0.0,28.6,32.7,temperatura
2017-10-18,0,0.0,26.9,29.4,temperatura
2017-10-18,100,0.0,25.7,27.0,temperatura
2017-10-18,200,0.0,25.5,26.0,temperatura
2017-10-18,300,0.0,24.9,25.5,temperatura
2017-10-18,400,0.0,24.4,25.1,temperatura
2017-10-18,500,0.0,24.0,24.4,temperatura
2017-10-18,600,0.0,23.6,24.0,temperatura
2017-10-18,700,0.0,23.3,23.7,temperatura
2017-10-18,800,0.0,22.9,23.3,temperatura
2017-10-18,900,0.0,22.5,23.1,temperatura
2017-10-18,1000,0.0,22.1,22.6,temperatura
2017-10-18,1100,0.0,22.7,22.8,temperatura
2017-10-18,1200,0.0,24.3,24.3,temperatura
2017-10-18,1300,0.0,26.3,26.3,temperatura
2017-10-18,1400,0.0,28.8,28.8,temperatura
2017-10-18,1500,0.0,31.8,32.0,temperatura
2017-10-18,1600,0.0,32.9,33.4,temperatura
2017-10-18,1700,0.0,33.9,34.2,temperatura
2017-10-18,1800,0.0,34.8,35.4,temperatura
2017-10-18,1900,0.0,34.5,35.4,temperatura
2017-10-18,2000,0.0,33.2,34.4,temperatura
2017-10-18,2100,0.0,30.4,33.2,temperatura
2017-10-18,2200,0.0,28.9,30.4,temperatura
2017-10-18,2300,0.0,27.2,28.9,temperatura
2018-07-29,0,0.0,23.6,26.0,temperatura
2018-07-29,100,0.0,22.0,23.6,temperatura
2018-07-29,200,0.0,21.7,22.4,temperatura
2018-07-29,300,0.0,21.2,21.7,temperatura
2018-07-29,400,0.0,20.8,21.3,temperatura
2018-07-29,500,0.0,19.9,20.8,temperatura
2018-07-29,600,0.0,19.7,20.0,temperatura
2018-07-29,700,0.0,19.4,19.9,temperatura
2018-07-29,800,0.0,19.0,19.4,temperatura
2018-07-29,900,0.0,18.9,19.0,temperatura
2018-07-29,1000,0.0,18.6,19.0,temperatura
2018-07-29,1100,0.0,18.4,18.7,temperatura
2018-07-29,1200,0.0,20.7,20.7,temperatura
2018-07-29,1300,0.0,24.0,24.0,temperatura
2018-07-29,1400,0.0,27.6,27.6,temperatura
2018-07-29,1500,0.0,30.8,31.0,temperatura
2018-07-29,1600,0.0,31.8,32.2,temperatura
2018-07-29,1700,0.0,33.8,33.8,temperatura
2018-07-29,1800,0.0,33.4,34.6,temperatura
2018-07-29,1900,0.0,34.0,34.9,temperatura
2018-07-29,2000,0.0,34.0,35.1,temperatura
2018-07-29,2100,0.0,33.3,34.2,temperatura
2018-07-29,2200,0.0,31.3,33.3,temperatura
2018-07-29,2300,0.0,27.0,31.3,temperatura
2018-08-13,0,0.0,24.6,26.7,temperatura
2018-08-13,100,0.0,23.1,24.6,temperatura
2018-08-13,200,0.0,22.8,23.3,temperatura
2018-08-13,300,0.0,22.0,22.8,temperatura
2018-08-13,400,0.0,21.5,22.0,temperatura
2018-08-13,500,0.0,21.4,21.7,temperatura
2018-08-13,600,0.0,21.2,21.4,temperatura
2018-08-13,700,0.0,20.5,21.2,temperatura
2018-08-13,800,0.0,19.9,20.8,temperatura
2018-08-13,900,0.0,19.8,20.3,temperatura
2018-08-13,1000,0.0,19.7,20.1,temperatura
2018-08-13,1100,0.0,19.2,19.9,temperatura
2018-08-13,1200,0.0,22.7,22.7,temperatura
2018-08-13,1300,0.0,26.0,26.0,temperatura
2018-08-13,1400,0.0,29.5,29.5,temperatura
2018-08-13,1500,0.0,31.5,31.9,temperatura
2018-08-13,1600,0.0,33.3,33.5,temperatura
2018-08-13,1700,0.0,32.6,34.3,temperatura
2018-08-13,1800,0.0,33.9,35.1,temperatura
2018-08-13,1900,0.0,34.3,35.0,temperatura
2018-08-13,2000,0.0,34.2,35.2,temperatura
2018-08-13,2100,0.0,33.7,34.6,temperatura
2018-08-13,2200,0.0,32.8,34.0,temperatura
2018-08-13,2300,0.2,27.2,32.9,temperatura
2018-08-25,0,0.0,24.5,27.1,temperatura
2018-08-25,100,0.0,23.5,24.5,temperatura
2018-08-25,200,0.0,22.8,23.6,temperatura
2018-08-25,300,0.0,22.2,22.8,temperatura
2018-08-25,400,0.0,21.9,22.4,temperatura
2018-08-25,500,0.0,21.0,21.9,temperatura
2018-08-25,600,0.0,20.6,21.2,temperatura
2018-08-25,700,0.0,20.6,21.2,temperatura
2018-08-25,800,0.0,20.4,20.9,temperatura
2018-08-25,900,0.0,20.2,20.5,temperatura
2018-08-25,1000,0.0,19.8,20.3,temperatura
2018-08-25,1100,0.0,19.9,20.0,temperatura
2018-08-25,1200,0.0,22.5,22.5,temperatura
2018-08-25,1300,0.0,26.5,26.5,temperatura
2018-08-25,1400,0.0,30.7,30.7,temperatura
2018-08-25,1500,0.0,32.3,32.3,temperatura
2018-08-25,1600,0.0,33.1,33.6,temperatura
2018-08-25,1700,0.0,33.9,34.5,temperatura
2018-08-25,1800,0.0,34.3,34.4,temperatura
2018-08-25,1900,0.0,33.5,35.6,temperatura
2018-08-25,2000,0.0,28.8,34.2,temperatura
2018-08-25,2100,0.0,26.4,28.8,temperatura
2018-08-25,2200,0.0,23.7,26.4,temperatura
2018-08-25,2300,3.2,22.5,23.7,temperatura
2018-09-01,0,0.0,25.8,27.2,temperatura
2018-09-01,100,0.0,23.7,25.8,temperatura
2018-09-01,200,0.0,23.4,24.0,temperatura
2018-09-01,300,0.0,23.0,23.7,temperatura
2018-09-01,400,0.0,22.9,23.2,temperatura
2018-09-01,500,0.0,23.4,23.4,temperatura
2018-09-01,600,0.0,23.4,23.7,temperatura
2018-09-01,700,0.0,22.7,23.4,temperatura
2018-09-01,800,0.0,22.6,22.7,temperatura
2018-09-01,900,0.0,22.1,22.6,temperatura
2018-09-01,1000,0.0,22.3,22.4,temperatura
2018-09-01,1100,0.0,22.6,22.6,temperatura
2018-09-01,1200,0.0,25.6,25.7,temperatura
2018-09-01,1300,0.0,27.3,27.3,temperatura
2018-09-01,1400,0.0,29.2,30.1,temperatura
2018-09-01,1500,0.0,31.4,31.7,temperatura
2018-09-01,1600,0.0,31.9,32.8,temperatura
2018-09-01,1700,0.0,33.5,33.7,temperatura
2018-09-01,1800,0.0,34.1,34.2,temperatura
2018-09-01,1900,0.0,32.7,35.2,temperatura
2018-09-01,2000,0.0,29.4,33.4,temperatura
2018-09-01,2100,0.0,29.4,30.8,temperatura
2018-09-01,2200,0.0,27.0,29.6,temperatura
2018-09-01,2300,0.0,25.0,27.0,temperatura
2018-09-08,0,0.0,24.6,27.0,temperatura
2018-09-08,100,0.0,23.1,24.6,temperatura
2018-09-08,200,0.0,21.9,23.0,temperatura
2018-09-08,300,0.0,21.5,22.0,temperatura
2018-09-08,400,0.0,21.1,21.6,temperatura
2018-09-08,500,0.0,20.3,21.1,temperatura
2018-09-08,600,0.0,20.4,21.0,temperatura
2018-09-08,700,0.0,20.0,20.4,temperatura
2018-09-08,800,0.0,20.0,20.1,temperatura
2018-09-08,900,0.0,19.7,19.9,temperatura
2018-09-08,1000,0.0,18.8,19.7,temperatura
2018-09-08,1100,0.0,19.1,19.1,temperatura
2018-09-08,1200,0.0,21.5,21.5,temperatura
2018-09-08,1300,0.0,25.2,25.2,temperatura
2018-09-08,1400,0.0,28.6,28.6,temperatura
2018-09-08,1500,0.0,32.2,32.2,temperatura
2018-09-08,1600,0.0,33.9,33.9,temperatura
2018-09-08,1700,0.0,34.6,34.9,temperatura
2018-09-08,1800,0.0,33.7,35.4,temperatura
2018-09-08,1900,0.0,33.9,34.0,temperatura
2018-09-08,2000,0.0,33.8,34.2,temperatura
2018-09-08,2100,0.0,33.3,34.0,temperatura
2018-09-08,2200,0.0,30.6,33.3,temperatura
2018-09-08,2300,0.0,27.2,30.6,temperatura
2018-09-12,0,0.0,25.7,27.3,temperatura
2018-09-12,100,0.0,24.7,25.7,temperatura
2018-09-12,200,0.0,24.1,24.8,temperatura
2018-09-12,300,0.0,23.5,24.2,temperatura
2018-09-12,400,0.0,23.1,23.6,temperatura
2018-09-12,500,0.0,23.2,23.5,temperatura
2018-09-12,600,0.0,22.7,23.2,temperatura
2018-09-12,700,0.0,22.2,22.7,temperatura
2018-09-12,800,0.0,21.7,22.3,temperatura
2018-09-12,900,0.0,21.6,22.0,temperatura
2018-09-12,1000,0.0,21.7,21.9,temperatura
2018-09-12,1100,0.0,21.8,21.8,temperatura
2018-09-12,1200,0.0,23.5,23.7,temperatura
2018-09-12,1300,0.0,26.0,26.0,temperatura
2018-09-12,1400,0.0,29.1,29.1,temperatura
2018-09-12,1500,0.0,30.6,30.8,temperatura
2018-09-12,1600,0.0,32.5,32.5,temperatura
2018-09-12,1700,0.0,33.1,33.7,temperatura
2018-09-12,1800,0.0,33.8,34.8,temperatura
2018-09-12,1900,0.0,33.9,35.1,temperatura
2018-09-12,2000,0.0,32.6,34.2,temperatura
2018-09-12,2100,0.0,31.0,33.4,temperatura
2018-09-12,2200,0.0,28.7,31.0,temperatura
2018-09-12,2300,0.0,27.0,28.7,temperatura
2018-09-13,0,0.0,27.2,28.0,temperatura
2018-09-13,100,0.0,26.1,27.4,temperatura
2018-09-13,200,0.0,25.1,26.1,temperatura
2018-09-13,300,0.0,24.3,25.1,temperatura
2018-09-13,400,0.0,23.7,24.3,temperatura
2018-09-13,500,0.0,23.2,23.7,temperatura
2018-09-13,600,0.0,22.5,23.3,temperatura
2018-09-13,700,0.0,22.1,22.8,temperatura
2018-09-13,800,0.0,22.1,22.2,temperatura
2018-09-13,900,0.0,21.6,22.1,temperatura
2018-09-13,1000,0.0,21.4,21.8,temperatura
2018-09-13,1100,0.0,21.6,21.7,temperatura
2018-09-13,1200,0.0,23.6,23.6,temperatura
2018-09-13,1300,0.0,26.6,26.7,temperatura
2018-09-13,1400,0.0,30.2,30.2,temperatura
2018-09-13,1500,0.0,32.6,32.6,temperatura
2018-09-13,1600,0.0,33.3,34.1,temperatura
2018-09-13,1700,0.0,34.1,34.4,temperatura
2018-09-13,1800,0.0,34.8,35.2,temperatura
2018-09-13,1900,1.0,27.1,35.0,temperatura
2018-09-13,2000,0.8,26.9,27.0,temperatura
2018-09-13,2100,0.0,27.4,27.6,temperatura
2018-09-13,2200,0.0,26.1,28.1,temperatura
2018-09-13,2300,0.0,24.7,26.1,temperatura
2018-09-18,0,0.0,25.9,27.7,temperatura
2018-09-18,100,0.0,24.9,25.9,temperatura
2018-09-18,200,0.0,24.4,24.9,temperatura
2018-09-18,300,0.0,23.8,24.5,temperatura
2018-09-18,400,0.0,23.4,23.8,temperatura
2018-09-18,500,0.0,22.8,23.4,temperatura
2018-09-18,600,0.0,22.6,22.9,temperatura
2018-09-18,700,0.0,22.0,22.7,temperatura
2018-09-18,800,0.0,22.3,22.3,temperatura
2018-09-18,900,0.0,22.2,22.3,temperatura
2018-09-18,1000,0.0,22.1,22.4,temperatura
2018-09-18,1100,0.0,21.6,22.1,temperatura
2018-09-18,1200,0.0,24.7,24.9,temperatura
2018-09-18,1300,0.0,27.9,27.9,temperatura
2018-09-18,1400,0.0,30.9,31.2,temperatura
2018-09-18,1500,0.0,32.2,32.8,temperatura
2018-09-18,1600,0.0,33.7,33.8,temperatura
2018-09-18,1700,0.0,34.4,34.7,temperatura
2018-09-18,1800,0.0,34.7,35.2,temperatura
2018-09-18,1900,0.0,34.4,35.5,temperatura
2018-09-18,2000,0.0,35.3,36.0,temperatura
2018-09-18,2100,0.0,34.4,35.3,temperatura
2018-09-18,2200,0.0,32.5,34.5,temperatura
2018-09-18,2300,0.0,28.3,32.5,temperatura
2018-09-20,0,0.0,24.2,24.8,temperatura
2018-09-20,100,0.0,24.0,24.3,temperatura
2018-09-20,200,0.0,23.4,24.0,temperatura
2018-09-20,300,0.0,23.1,23.6,temperatura
2018-09-20,400,0.0,22.6,23.3,temperatura
2018-09-20,500,0.0,22.2,22.8,temperatura
2018-09-20,600,0.0,21.8,22.3,temperatura
2018-09-20,700,0.0,21.6,22.1,temperatura
2018-09-20,800,0.0,21.3,21.7,temperatura
2018-09-20,900,0.0,21.2,21.7,temperatura
2018-09-20,1000,0.0,21.5,21.6,temperatura
2018-09-20,1100,0.0,22.2,22.2,temperatura
2018-09-20,1200,0.0,23.9,24.0,temperatura
2018-09-20,1300,0.0,26.9,26.9,temperatura
2018-09-20,1400,0.0,29.5,29.6,temperatura
2018-09-20,1500,0.0,32.2,32.5,temperatura
2018-09-20,1600,0.0,33.7,33.7,temperatura
2018-09-20,1700,0.0,34.6,34.8,temperatura
2018-09-20,1800,0.0,32.0,35.6,temperatura
2018-09-20,1900,0.0,32.3,33.2,temperatura
2018-09-20,2000,0.0,31.7,32.3,temperatura
2018-09-20,2100,0.0,31.7,32.7,temperatura
2018-09-20,2200,0.0,29.7,31.7,temperatura
2018-09-20,2300,0.0,25.8,29.7,temperatura
2018-09-25,0,0.0,24.9,26.6,temperatura
2018-09-25,100,0.0,23.9,25.0,temperatura
2018-09-25,200,0.0,23.6,24.0,temperatura
2018-09-25,300,0.0,23.1,23.7,temperatura
2018-09-25,400,0.0,22.7,23.2,temperatura
2018-09-25,500,0.0,22.4,22.8,temperatura
2018-09-25,600,0.0,21.9,22.5,temperatura
2018-09-25,700,0.0,21.9,22.4,temperatura
2018-09-25,800,0.0,21.8,21.9,temperatura
2018-09-25,900,0.0,21.4,21.8,temperatura
2018-09-25,1000,0.0,21.3,21.6,temperatura
2018-09-25,1100,0.0,21.8,21.8,temperatura
2018-09-25,1200,0.0,24.6,24.6,temperatura
2018-09-25,1300,0.0,27.7,27.8,temperatura
2018-09-25,1400,0.0,30.5,30.9,temperatura
2018-09-25,1500,0.0,32.4,32.7,temperatura
2018-09-25,1600,0.0,33.6,34.2,temperatura
2018-09-25,1700,0.0,33.3,35.2,temperatura
2018-09-25,1800,0.0,34.7,35.8,temperatura
2018-09-25,1900,0.0,34.7,36.0,temperatura
2018-09-25,2000,0.0,34.5,35.2,temperatura
2018-09-25,2100,0.0,29.9,34.7,temperatura
2018-09-25,2200,0.0,28.5,30.0,temperatura
2018-09-25,2300,0.0,26.9,28.5,temperatura
2018-09-26,0,0.0,25.4,26.9,temperatura
2018-09-26,100,0.0,24.8,25.7,temperatura
2018-09-26,200,0.0,23.6,24.9,temperatura
2018-09-26,300,0.0,23.0,23.7,temperatura
2018-09-26,400,0.0,22.7,23.0,temperatura
2018-09-26,500,0.0,22.1,22.7,temperatura
2018-09-26,600,0.0,22.5,22.9,temperatura
2018-09-26,700,0.0,21.8,22.7,temperatura
2018-09-26,800,0.0,21.9,22.0,temperatura
2018-09-26,900,0.0,21.4,21.9,temperatura
2018-09-26,1000,0.0,21.5,21.7,temperatura
2018-09-26,1100,0.0,21.8,21.8,temperatura
2018-09-26,1200,0.0,23.4,23.4,temperatura
2018-09-26,1300,0.0,24.4,24.4,temperatura
2018-09-26,1400,0.0,29.6,29.6,temperatura
2018-09-26,1500,0.0,32.7,32.8,temperatura
2018-09-26,1600,0.0,33.7,34.0,temperatura
2018-09-26,1700,0.0,34.5,34.9,temperatura
2018-09-26,1800,0.0,35.2,35.5,temperatura
2018-09-26,1900,2.4,28.0,35.3,temperatura
2018-09-26,2000,0.0,25.2,28.3,temperatura
2018-09-26,2100,0.0,24.8,25.3,temperatura
2018-09-26,2200,0.0,23.3,25.3,temperatura
2018-09-26,2300,0.0,22.9,23.5,temperatura
2018-09-27,0,0.0,22.7,23.0,temperatura
2018-09-27,100,0.0,22.8,22.8,temperatura
2018-09-27,200,0.0,22.3,22.8,temperatura
2018-09-27,300,0.0,21.9,22.3,temperatura
2018-09-27,400,0.0,21.8,21.9,temperatura
2018-09-27,500,0.0,21.8,21.8,temperatura
2018-09-27,600,0.0,21.5,22.0,temperatura
2018-09-27,700,0.0,21.2,21.5,temperatura
2018-09-27,800,0.0,21.1,21.4,temperatura
2018-09-27,900,0.0,21.1,21.2,temperatura
2018-09-27,1000,0.0,20.8,21.1,temperatura
2018-09-27,1100,0.0,21.2,21.2,temperatura
2018-09-27,1200,0.0,22.6,22.6,temperatura
2018-09-27,1300,0.0,24.9,24.9,temperatura
2018-09-27,1400,0.0,28.7,29.2,temperatura
2018-09-27,1500,0.0,30.7,30.9,temperatura
2018-09-27,1600,0.2,33.0,33.2,temperatura
2018-09-27,1700,0.0,35.4,35.4,temperatura
2018-09-27,1800,0.0,35.2,35.7,temperatura
2018-09-27,1900,0.0,35.4,36.3,temperatura
2018-09-27,2000,0.0,33.8,36.0,temperatura
2018-09-27,2100,0.0,34.3,35.3,temperatura
2018-09-27,2200,0.0,32.9,34.3,temperatura
2018-09-27,2300,0.0,29.2,32.9,temperatura
2018-10-16,0,0.0,24.5,25.1,temperatura
2018-10-16,100,0.0,24.2,24.6,temperatura
2018-10-16,200,0.0,24.0,24.2,temperatura
2018-10-16,300,0.0,23.9,24.1,temperatura
2018-10-16,400,0.0,23.6,24.1,temperatura
2018-10-16,500,0.0,23.1,23.7,temperatura
2018-10-16,600,0.0,23.0,23.3,temperatura
2018-10-16,700,0.0,23.0,23.1,temperatura
2018-10-16,800,0.0,23.0,23.2,temperatura
2018-10-16,900,0.0,23.1,23.2,temperatura
2018-10-16,1000,0.0,22.9,23.1,temperatura
2018-10-16,1100,0.0,23.3,23.3,temperatura
2018-10-16,1200,0.0,25.4,25.6,temperatura
2018-10-16,1300,0.0,28.1,28.1,temperatura
2018-10-16,1400,0.0,30.7,30.7,temperatura
2018-10-16,1500,0.0,32.2,32.4,temperatura
2018-10-16,1600,0.0,33.8,33.8,temperatura
2018-10-16,1700,0.2,33.7,35.1,temperatura
2018-10-16,1800,0.0,35.1,35.3,temperatura
2018-10-16,1900,0.0,34.8,35.6,temperatura
2018-10-16,2000,0.0,34.4,35.3,temperatura
2018-10-16,2100,0.0,34.2,34.6,temperatura
2018-10-16,2200,0.0,31.3,34.4,temperatura
2018-10-16,2300,0.0,28.2,31.3,temperatura
2018-10-17,0,0.0,26.5,28.3,temperatura
2018-10-17,100,0.0,25.9,26.6,temperatura
2018-10-17,200,0.0,25.0,25.9,temperatura
2018-10-17,300,0.0,24.8,25.0,temperatura
2018-10-17,400,0.0,23.9,24.8,temperatura
2018-10-17,500,0.0,23.9,24.1,temperatura
2018-10-17,600,0.0,23.8,24.0,temperatura
2018-10-17,700,0.0,23.2,23.8,temperatura
2018-10-17,800,0.0,23.1,23.5,temperatura
2018-10-17,900,0.0,23.6,23.6,temperatura
2018-10-17,1000,0.0,22.9,23.6,temperatura
2018-10-17,1100,0.0,23.5,23.5,temperatura
2018-10-17,1200,0.0,26.5,26.5,temperatura
2018-10-17,1300,0.0,28.6,28.6,temperatura
2018-10-17,1400,0.0,31.4,31.4,temperatura
2018-10-17,1500,0.0,32.7,33.0,temperatura
2018-10-17,1600,0.0,33.8,34.1,temperatura
2018-10-17,1700,0.0,33.9,35.4,temperatura
2018-10-17,1800,0.0,34.5,35.5,temperatura
2018-10-17,1900,0.0,34.1,35.6,temperatura
2018-10-17,2000,0.0,34.6,35.0,temperatura
2018-10-17,2100,0.0,34.2,35.1,temperatura
2018-10-17,2200,0.0,32.0,34.2,temperatura
2018-10-17,2300,0.0,28.7,32.0,temperatura
2018-10-18,0,0.0,26.8,28.7,temperatura
2018-10-18,100,0.0,25.8,26.8,temperatura
2018-10-18,200,0.0,25.0,25.8,temperatura
2018-10-18,300,0.0,24.9,25.2,temperatura
2018-10-18,400,0.0,24.7,25.2,temperatura
2018-10-18,500,0.0,24.5,24.8,temperatura
2018-10-18,600,0.0,23.9,24.5,temperatura
2018-10-18,700,0.0,24.3,24.4,temperatura
2018-10-18,800,0.0,23.8,24.3,temperatura
2018-10-18,900,0.0,23.3,23.8,temperatura
2018-10-18,1000,0.0,23.2,23.4,temperatura
2018-10-18,1100,0.0,23.5,23.5,temperatura
2018-10-18,1200,0.0,24.8,24.8,temperatura
2018-10-18,1300,0.0,27.4,27.4,temperatura
2018-10-18,1400,0.0,31.0,31.0,temperatura
2018-10-18,1500,0.0,32.4,32.5,temperatura
2018-10-18,1600,0.0,33.7,34.2,temperatura
2018-10-18,1700,0.0,32.8,34.7,temperatura
2018-10-18,1800,0.0,32.3,35.7,temperatura
2018-10-18,1900,0.0,30.9,32.2,temperatura
2018-10-18,2000,0.0,29.3,32.1,temperatura
2018-10-18,2100,0.0,26.3,29.3,temperatura
2018-10-18,2200,0.0,25.4,26.4,temperatura
2018-10-18,2300,0.6,24.6,25.4,temperatura
2018-10-20,0,0.0,26.0,26.7,temperatura
2018-10-20,100,0.0,24.9,26.0,temperatura
2018-10-20,200,0.0,24.5,24.9,temperatura
2018-10-20,300,0.0,24.2,24.6,temperatura
2018-10-20,400,0.0,24.0,24.5,temperatura
2018-10-20,500,0.0,23.9,24.2,temperatura
2018-10-20,600,0.0,23.6,24.0,temperatura
2018-10-20,700,0.0,23.5,23.8,temperatura
2018-10-20,800,0.0,23.4,23.5,temperatura
2018-10-20,900,0.0,22.8,23.5,temperatura
2018-10-20,1000,0.0,22.5,23.0,temperatura
2018-10-20,1100,0.0,23.3,23.3,temperatura
2018-10-20,1200,0.0,24.1,24.1,temperatura
2018-10-20,1300,0.0,26.6,26.7,temperatura
2018-10-20,1400,0.0,30.5,30.5,temperatura
2018-10-20,1500,0.0,31.6,31.9,temperatura
2018-10-20,1600,0.0,33.2,33.6,temperatura
2018-10-20,1700,0.0,34.5,34.6,temperatura
2018-10-20,1800,0.0,34.1,34.7,temperatura
2018-10-20,1900,0.0,29.0,35.4,temperatura
2018-10-20,2000,1.4,24.3,29.0,temperatura
2018-10-20,2100,0.0,25.2,25.5,temperatura
2018-10-20,2200,0.0,25.2,26.0,temperatura
2018-10-20,2300,0.0,23.5,25.2,temperatura
2019-03-05,0,0.0,24.7,25.7,temperatura
2019-03-05,100,0.0,24.3,24.7,temperatura
2019-03-05,200,0.0,23.9,24.3,temperatura
2019-03-05,300,0.0,23.8,23.9,temperatura
2019-03-05,400,0.0,23.5,23.8,temperatura
2019-03-05,500,0.0,23.3,23.5,temperatura
2019-03-05,600,0.0,23.4,23.4,temperatura
2019-03-05,700,0.0,23.2,23.5,temperatura
2019-03-05,800,0.0,23.1,23.2,temperatura
2019-03-05,900,0.0,23.2,23.2,temperatura
2019-03-05,1000,0.0,23.2,23.4,temperatura
2019-03-05,1100,0.0,23.2,23.3,temperatura
2019-03-05,1200,0.0,24.3,24.3,temperatura
2019-03-05,1300,0.0,25.6,25.7,temperatura
2019-03-05,1400,0.0,27.2,27.6,temperatura
2019-03-05,1500,0.0,29.4,29.4,temperatura
2019-03-05,1600,0.0,32.3,32.4,temperatura
2019-03-05,1700,0.0,32.8,33.2,temperatura
2019-03-05,1800,0.0,33.6,34.1,temperatura
2019-03-05,1900,0.0,33.9,34.0,temperatura
2019-03-05,2000,0.0,35.0,35.0,temperatura
2019-03-05,2100,0.0,31.0,35.2,temperatura
2019-03-05,2200,0.0,28.9,31.1,temperatura
2019-03-05,2300,0.0,27.1,28.9,temperatura
2019-08-02,0,0.0,23.6,25.5,temperatura
2019-08-02,100,0.0,22.5,23.6,temperatura
2019-08-02,200,0.0,21.9,22.5,temperatura
2019-08-02,300,0.0,21.4,21.9,temperatura
2019-08-02,400,0.0,20.8,21.4,temperatura
2019-08-02,500,0.0,20.2,20.8,temperatura
2019-08-02,600,0.0,19.8,20.2,temperatura
2019-08-02,700,0.0,19.2,19.8,temperatura
2019-08-02,800,0.0,18.6,19.4,temperatura
2019-08-02,900,0.0,18.5,18.6,temperatura
2019-08-02,1000,0.0,17.8,18.5,temperatura
2019-08-02,1100,0.0,18.0,18.1,temperatura
2019-08-02,1200,0.0,20.6,20.6,temperatura
2019-08-02,1300,0.0,23.9,23.9,temperatura
2019-08-02,1400,0.0,28.0,28.1,temperatura
2019-08-02,1500,0.0,32.2,32.2,temperatura
2019-08-02,1600,0.0,33.1,33.3,temperatura
2019-08-02,1700,0.0,33.4,34.3,temperatura
2019-08-02,1800,0.0,33.8,34.5,temperatura
2019-08-02,1900,0.0,34.2,34.7,temperatura
2019-08-02,2000,0.0,32.2,35.8,temperatura
2019-08-02,2100,0.0,32.9,32.9,temperatura
2019-08-02,2200,0.0,30.0,33.6,temperatura
2019-08-02,2300,0.0,26.1,30.0,temperatura
2019-08-10,0,0.0,25.4,27.3,temperatura
2019-08-10,100,0.0,24.9,25.5,temperatura
2019-08-10,200,0.0,24.7,25.0,temperatura
2019-08-10,300,0.0,24.0,24.7,temperatura
2019-08-10,400,0.0,23.4,24.2,temperatura
2019-08-10,500,0.0,23.2,23.5,temperatura
2019-08-10,600,0.0,22.8,23.2,temperatura
2019-08-10,700,0.0,21.7,22.8,temperatura
2019-08-10,800,0.0,21.4,21.9,temperatura
2019-08-10,900,0.0,21.5,21.6,temperatura
2019-08-10,1000,0.0,21.4,21.7,temperatura
2019-08-10,1100,0.0,21.0,21.5,temperatura
2019-08-10,1200,0.0,23.4,23.4,temperatura
2019-08-10,1300,0.0,26.6,26.6,temperatura
2019-08-10,1400,0.0,28.9,29.4,temperatura
2019-08-10,1500,0.0,31.8,32.0,temperatura
2019-08-10,1600,0.0,33.7,33.8,temperatura
2019-08-10,1700,0.0,34.3,34.4,temperatura
2019-08-10,1800,0.0,33.1,34.8,temperatura
2019-08-10,1900,0.0,34.1,35.1,temperatura
2019-08-10,2000,0.0,33.1,34.4,temperatura
2019-08-10,2100,0.0,33.1,33.7,temperatura
2019-08-10,2200,0.0,31.1,33.2,temperatura
2019-08-10,2300,0.0,27.6,31.1,temperatura
2019-08-13,0,0.0,24.5,26.5,temperatura
2019-08-13,100,0.0,23.3,24.5,temperatura
2019-08-13,200,0.0,22.6,23.3,temperatura
2019-08-13,300,0.0,22.1,22.6,temperatura
2019-08-13,400,0.0,21.6,22.3,temperatura
2019-08-13,500,0.0,21.0,21.6,temperatura
2019-08-13,600,0.0,21.1,21.2,temperatura
2019-08-13,700,0.0,20.7,21.1,temperatura
2019-08-13,800,0.0,20.4,20.7,temperatura
2019-08-13,900,0.0,20.0,20.4,temperatura
2019-08-13,1000,0.0,19.8,20.0,temperatura
2019-08-13,1100,0.0,19.4,19.8,temperatura
2019-08-13,1200,0.0,21.4,21.4,temperatura
2019-08-13,1300,0.0,24.5,24.6,temperatura
2019-08-13,1400,0.0,29.1,29.1,temperatura
2019-08-13,1500,0.0,31.9,32.0,temperatura
2019-08-13,1600,0.0,33.6,33.7,temperatura
2019-08-13,1700,0.0,33.7,34.4,temperatura
2019-08-13,1800,0.0,34.8,35.1,temperatura
2019-08-13,1900,0.0,33.9,35.3,temperatura
2019-08-13,2000,0.0,34.8,35.2,temperatura
2019-08-13,2100,0.0,33.4,35.0,temperatura
2019-08-13,2200,0.0,30.8,33.4,temperatura
2019-08-13,2300,0.0,26.0,30.8,temperatura
2019-08-19,0,0.0,25.0,26.7,temperatura
2019-08-19,100,0.0,23.6,25.0,temperatura
2019-08-19,200,0.0,23.7,24.0,temperatura
2019-08-19,300,0.0,22.7,23.7,temperatura
2019-08-19,400,0.0,22.0,22.7,temperatura
2019-08-19,500,0.0,21.6,22.2,temperatura
2019-08-19,600,0.0,21.7,21.7,temperatura
2019-08-19,700,0.0,21.2,21.8,temperatura
2019-08-19,800,0.0,20.4,21.2,temperatura
2019-08-19,900,0.0,20.6,20.7,temperatura
2019-08-19,1000,0.0,20.4,20.7,temperatura
2019-08-19,1100,0.0,20.4,20.5,temperatura
2019-08-19,1200,0.0,21.6,21.6,temperatura
2019-08-19,1300,0.0,23.6,23.6,temperatura
2019-08-19,1400,0.0,26.0,26.0,temperatura
2019-08-19,1500,0.0,30.4,30.4,temperatura
2019-08-19,1600,0.0,32.6,32.8,temperatura
2019-08-19,1700,0.0,34.4,34.9,temperatura
2019-08-19,1800,0.0,34.5,35.5,temperatura
2019-08-19,1900,0.0,35.2,35.6,temperatura
2019-08-19,2000,0.0,35.1,35.9,temperatura
2019-08-19,2100,0.0,33.9,35.4,temperatura
2019-08-19,2200,0.0,31.9,34.1,temperatura
2019-08-19,2300,0.0,26.7,31.9,temperatura
2019-08-20,0,0.0,24.9,26.7,temperatura
2019-08-20,100,0.0,23.8,24.9,temperatura
2019-08-20,200,0.0,24.0,24.6,temperatura
2019-08-20,300,0.4,24.2,24.7,temperatura
2019-08-20,400,0.0,23.3,24.2,temperatura
2019-08-20,500,0.0,22.5,23.4,temperatura
2019-08-20,600,0.0,22.0,22.7,temperatura
2019-08-20,700,0.0,21.7,22.2,temperatura
2019-08-20,800,0.0,21.3,21.9,temperatura
2019-08-20,900,0.0,21.3,21.6,temperatura
2019-08-20,1000,0.0,21.3,21.3,temperatura
2019-08-20,1100,0.0,21.5,21.5,temperatura
2019-08-20,1200,1.0,22.9,22.9,temperatura
2019-08-20,1300,0.0,25.4,25.4,temperatura
2019-08-20,1400,0.0,28.9,28.9,temperatura
2019-08-20,1500,0.0,31.3,31.3,temperatura
2019-08-20,1600,0.2,33.2,33.2,temperatura
2019-08-20,1700,0.0,34.3,34.3,temperatura
2019-08-20,1800,0.0,34.7,34.7,temperatura
2019-08-20,1900,0.0,29.7,35.2,temperatura
2019-08-20,2000,24.2,22.1,29.7,temperatura
2019-08-20,2100,38.4,22.1,23.5,temperatura
2019-08-20,2200,1.0,23.0,23.4,temperatura
2019-08-20,2300,0.6,22.6,23.0,temperatura
2019-08-29,0,0.0,24.2,25.9,temperatura
2019-08-29,100,0.0,23.5,24.2,temperatura
2019-08-29,200,0.0,22.8,23.5,temperatura
2019-08-29,300,0.0,22.5,22.9,temperatura
2019-08-29,400,0.0,22.1,22.5,temperatura
2019-08-29,500,0.0,22.2,22.5,temperatura
2019-08-29,600,0.0,21.3,22.2,temperatura
2019-08-29,700,0.0,21.4,21.8,temperatura
2019-08-29,800,0.0,21.0,21.5,temperatura
2019-08-29,900,0.0,21.0,21.2,temperatura
2019-08-29,1000,0.0,20.5,21.1,temperatura
2019-08-29,1100,0.0,20.4,20.6,temperatura
2019-08-29,1200,0.0,22.6,22.6,temperatura
2019-08-29,1300,0.0,25.4,25.4,temperatura
2019-08-29,1400,0.0,28.8,28.9,temperatura
2019-08-29,1500,0.0,31.2,31.4,temperatura
2019-08-29,1600,0.0,32.5,33.1,temperatura
2019-08-29,1700,0.0,33.9,34.1,temperatura
2019-08-29,1800,0.0,34.7,34.9,temperatura
2019-08-29,1900,0.0,34.6,35.1,temperatura
2019-08-29,2000,0.0,34.4,35.2,temperatura
2019-08-29,2100,0.0,34.5,35.1,temperatura
2019-08-29,2200,0.0,31.7,34.7,temperatura
2019-08-29,2300,0.0,27.8,31.7,temperatura
2019-08-30,0,0.0,26.7,27.8,temperatura
2019-08-30,100,0.0,25.4,26.9,temperatura
2019-08-30,200,0.0,24.5,25.5,temperatura
2019-08-30,300,0.0,23.9,24.5,temperatura
2019-08-30,400,0.0,23.4,23.9,temperatura
2019-08-30,500,0.0,22.9,23.5,temperatura
2019-08-30,600,0.0,22.2,22.9,temperatura
2019-08-30,700,0.0,22.1,22.3,temperatura
2019-08-30,800,0.0,21.8,22.2,temperatura
2019-08-30,900,0.0,21.7,21.8,temperatura
2019-08-30,1000,0.0,21.3,21.7,temperatura
2019-08-30,1100,0.0,21.1,21.4,temperatura
2019-08-30,1200,0.0,23.0,23.0,temperatura
2019-08-30,1300,0.0,26.6,26.6,temperatura
2019-08-30,1400,0.0,30.1,30.1,temperatura
2019-08-30,1500,0.0,31.8,32.0,temperatura
2019-08-30,1600,0.0,32.9,33.8,temperatura
2019-08-30,1700,0.0,32.4,33.8,temperatura
2019-08-30,1800,0.0,34.2,34.3,temperatura
2019-08-30,1900,0.0,34.6,35.3,temperatura
2019-08-30,2000,0.0,34.6,35.2,temperatura
2019-08-30,2100,0.0,33.4,35.3,temperatura
2019-08-30,2200,0.0,31.3,33.4,temperatura
2019-08-30,2300,0.0,27.5,31.3,temperatura
2019-08-31,0,0.0,26.2,27.5,temperatura
2019-08-31,100,0.0,24.6,26.0,temperatura
2019-08-31,200,0.0,24.4,24.8,temperatura
2019-08-31,300,0.0,23.7,24.6,temperatura
2019-08-31,400,0.0,23.7,24.3,temperatura
2019-08-31,500,0.0,22.5,23.8,temperatura
2019-08-31,600,0.0,21.9,22.5,temperatura
2019-08-31,700,0.0,21.6,21.9,temperatura
2019-08-31,800,0.0,21.3,21.6,temperatura
2019-08-31,900,0.0,20.9,21.3,temperatura
2019-08-31,1000,0.0,20.3,20.9,temperatura
2019-08-31,1100,0.0,20.5,20.6,temperatura
2019-08-31,1200,0.0,23.3,23.3,temperatura
2019-08-31,1300,0.0,26.1,26.3,temperatura
2019-08-31,1400,0.0,29.4,29.4,temperatura
2019-08-31,1500,0.0,32.4,32.4,temperatura
2019-08-31,1600,0.0,34.0,34.0,temperatura
2019-08-31,1700,0.0,34.6,35.3,temperatura
2019-08-31,1800,0.0,34.7,35.3,temperatura
2019-08-31,1900,0.0,33.5,35.7,temperatura
2019-08-31,2000,0.0,31.1,34.5,temperatura
2019-08-31,2100,0.0,31.3,31.3,temperatura
2019-08-31,2200,0.0,29.8,32.4,temperatura
2019-08-31,2300,0.0,27.3,29.8,temperatura
2019-09-01,0,0.0,25.8,27.3,temperatura
2019-09-01,100,0.0,24.9,25.8,temperatura
2019-09-01,200,0.0,24.2,25.3,temperatura
2019-09-01,300,0.0,23.7,24.2,temperatura
2019-09-01,400,0.0,23.2,23.7,temperatura
2019-09-01,500,0.0,22.6,23.2,temperatura
2019-09-01,600,0.0,22.4,23.0,temperatura
2019-09-01,700,0.0,22.0,22.6,temperatura
2019-09-01,800,0.0,21.7,22.1,temperatura
2019-09-01,900,0.0,21.4,21.9,temperatura
2019-09-01,1000,0.0,21.5,21.5,temperatura
2019-09-01,1100,0.0,21.1,21.5,temperatura
2019-09-01,1200,0.0,23.8,23.9,temperatura
2019-09-01,1300,0.0,26.6,26.6,temperatura
2019-09-01,1400,0.0,30.2,30.2,temperatura
2019-09-01,1500,0.0,32.6,32.9,temperatura
2019-09-01,1600,0.0,34.1,34.1,temperatura
2019-09-01,1700,0.0,35.6,35.7,temperatura
2019-09-01,1800,0.0,35.7,36.8,temperatura
2019-09-01,1900,0.0,35.3,36.1,temperatura
2019-09-01,2000,0.0,35.5,35.6,temperatura
2019-09-01,2100,0.0,34.9,35.5,temperatura
2019-09-01,2200,0.0,31.8,35.1,temperatura
2019-09-01,2300,0.0,28.1,31.8,temperatura
2019-09-03,0,0.0,23.3,23.8,temperatura
2019-09-03,100,0.0,22.7,23.3,temperatura
2019-09-03,200,0.0,22.3,22.7,temperatura
2019-09-03,300,0.0,21.9,22.3,temperatura
2019-09-03,400,0.0,21.5,21.9,temperatura
2019-09-03,500,0.0,21.0,21.5,temperatura
2019-09-03,600,0.0,21.5,21.6,temperatura
2019-09-03,700,0.0,20.9,21.6,temperatura
2019-09-03,800,0.0,21.2,21.4,temperatura
2019-09-03,900,0.0,21.6,21.6,temperatura
2019-09-03,1000,0.0,22.0,22.0,temperatura
2019-09-03,1100,0.0,22.0,22.1,temperatura
2019-09-03,1200,0.0,22.4,22.4,temperatura
2019-09-03,1300,0.0,23.2,23.2,temperatura
2019-09-03,1400,0.0,26.0,26.3,temperatura
2019-09-03,1500,0.0,28.8,29.4,temperatura
2019-09-03,1600,0.0,31.6,31.6,temperatura
2019-09-03,1700,0.0,32.9,33.1,temperatura
2019-09-03,1800,0.0,33.5,34.2,temperatura
2019-09-03,1900,0.0,34.3,35.0,temperatura
2019-09-03,2000,0.0,34.8,35.1,temperatura
2019-09-03,2100,0.0,33.4,34.8,temperatura
2019-09-03,2200,0.0,30.0,33.5,temperatura
2019-09-03,2300,0.0,26.2,30.0,temperatura
2019-09-05,0,0.0,24.6,25.5,temperatura
2019-09-05,100,0.0,23.9,24.6,temperatura
2019-09-05,200,0.0,23.9,24.6,temperatura
2019-09-05,300,0.0,23.4,23.9,temperatura
2019-09-05,400,0.0,22.5,23.4,temperatura
2019-09-05,500,0.0,22.3,22.5,temperatura
2019-09-05,600,0.0,22.4,22.4,temperatura
2019-09-05,700,0.0,22.3,22.5,temperatura
2019-09-05,800,0.0,22.1,22.3,temperatura
2019-09-05,900,0.0,22.3,22.4,temperatura
2019-09-05,1000,0.0,22.3,22.5,temperatura
2019-09-05,1100,0.0,22.4,22.5,temperatura
2019-09-05,1200,0.0,23.3,23.3,temperatura
2019-09-05,1300,0.0,25.6,25.6,temperatura
2019-09-05,1400,0.0,27.7,28.0,temperatura
2019-09-05,1500,0.0,31.2,31.7,temperatura
2019-09-05,1600,0.0,33.0,33.2,temperatura
2019-09-05,1700,0.0,33.1,34.0,temperatura
2019-09-05,1800,0.0,33.6,34.8,temperatura
2019-09-05,1900,0.0,34.7,35.1,temperatura
2019-09-05,2000,0.0,32.8,35.6,temperatura
2019-09-05,2100,0.0,25.0,32.7,temperatura
2019-09-05,2200,0.0,24.3,25.1,temperatura
2019-09-05,2300,0.0,23.7,24.3,temperatura
2019-09-07,0,0.0,24.6,27.0,temperatura
2019-09-07,100,0.0,24.5,24.7,temperatura
2019-09-07,200,0.0,23.5,24.5,temperatura
2019-09-07,300,0.0,23.1,23.8,temperatura
2019-09-07,400,0.0,23.0,23.1,temperatura
2019-09-07,500,0.0,23.0,23.2,temperatura
2019-09-07,600,0.0,22.6,23.0,temperatura
2019-09-07,700,0.0,22.3,22.6,temperatura
2019-09-07,800,0.0,21.8,22.3,temperatura
2019-09-07,900,0.0,21.5,21.8,temperatura
2019-09-07,1000,0.0,21.1,21.5,temperatura
2019-09-07,1100,0.0,21.5,21.5,temperatura
2019-09-07,1200,0.0,22.9,22.9,temperatura
2019-09-07,1300,0.0,26.3,26.5,temperatura
2019-09-07,1400,0.0,29.6,29.7,temperatura
2019-09-07,1500,0.0,31.3,32.1,temperatura
2019-09-07,1600,0.0,33.4,33.4,temperatura
2019-09-07,1700,0.0,32.9,34.5,temperatura
2019-09-07,1800,0.0,34.9,35.5,temperatura
2019-09-07,1900,0.0,33.4,35.6,temperatura
2019-09-07,2000,0.0,34.6,34.9,temperatura
2019-09-07,2100,0.0,33.9,34.9,temperatura
2019-09-07,2200,0.0,29.2,34.0,temperatura
2019-09-07,2300,0.0,26.4,29.3,temperatura
2019-09-08,0,0.0,25.2,26.4,temperatura
2019-09-08,100,0.0,24.9,25.2,temperatura
2019-09-08,200,0.0,25.1,25.1,temperatura
2019-09-08,300,0.0,23.4,25.1,temperatura
2019-09-08,400,0.0,23.4,23.7,temperatura
2019-09-08,500,0.0,23.5,23.6,temperatura
2019-09-08,600,0.0,23.3,23.6,temperatura
2019-09-08,700,0.0,22.8,23.3,temperatura
2019-09-08,800,0.0,21.9,22.8,temperatura
2019-09-08,900,0.0,21.7,22.0,temperatura
2019-09-08,1000,0.0,21.2,21.7,temperatura
2019-09-08,1100,0.0,21.0,21.2,temperatura
2019-09-08,1200,0.0,23.5,23.5,temperatura
2019-09-08,1300,0.0,27.4,27.4,temperatura
2019-09-08,1400,0.0,30.5,30.7,temperatura
2019-09-08,1500,0.0,33.1,33.1,temperatura
2019-09-08,1600,0.0,33.3,34.0,temperatura
2019-09-08,1700,0.0,33.3,34.7,temperatura
2019-09-08,1800,0.0,34.8,35.7,temperatura
2019-09-08,1900,0.0,35.1,35.9,temperatura
2019-09-08,2000,0.0,34.6,35.9,temperatura
2019-09-08,2100,0.0,34.1,34.7,temperatura
2019-09-08,2200,0.0,31.5,34.1,temperatura
2019-09-08,2300,0.0,29.8,31.5,temperatura
2019-09-09,0,0.0,27.4,29.8,temperatura
2019-09-09,100,0.6,24.7,27.4,temperatura
2019-09-09,200,0.0,24.4,24.8,temperatura
2019-09-09,300,0.0,24.1,24.5,temperatura
2019-09-09,400,0.0,23.5,24.1,temperatura
2019-09-09,500,0.0,23.6,23.6,temperatura
2019-09-09,600,0.0,23.0,23.6,temperatura
2019-09-09,700,0.0,22.8,23.2,temperatura
2019-09-09,800,0.0,22.1,22.8,temperatura
2019-09-09,900,0.0,22.1,22.4,temperatura
2019-09-09,1000,0.0,22.0,22.1,temperatura
2019-09-09,1100,0.0,22.0,22.0,temperatura
2019-09-09,1200,0.0,24.5,24.6,temperatura
2019-09-09,1300,0.0,27.1,27.1,temperatura
2019-09-09,1400,0.0,29.8,29.8,temperatura
2019-09-09,1500,0.0,31.8,32.1,temperatura
2019-09-09,1600,0.0,32.9,33.6,temperatura
2019-09-09,1700,0.0,34.9,34.9,temperatura
2019-09-09,1800,0.0,35.0,35.4,temperatura
2019-09-09,1900,0.0,32.3,35.6,temperatura
2019-09-09,2000,0.0,34.0,34.0,temperatura
2019-09-09,2100,0.0,30.0,34.0,temperatura
2019-09-09,2200,0.0,29.0,30.0,temperatura
2019-09-09,2300,0.0,26.1,29.0,temperatura
2019-09-10,0,0.0,25.1,26.2,temperatura
2019-09-10,100,0.0,24.1,25.1,temperatura
2019-09-10,200,0.0,22.9,24.1,temperatura
2019-09-10,300,0.0,22.5,22.9,temperatura
2019-09-10,400,0.0,22.0,22.5,temperatura
2019-09-10,500,0.0,21.6,22.0,temperatura
2019-09-10,600,0.0,21.6,22.0,temperatura
2019-09-10,700,0.0,21.4,21.7,temperatura
2019-09-10,800,0.0,21.0,21.4,temperatura
2019-09-10,900,0.0,21.0,21.2,temperatura
2019-09-10,1000,0.0,20.8,21.0,temperatura
2019-09-10,1100,0.0,21.3,21.3,temperatura
2019-09-10,1200,0.0,23.8,23.8,temperatura
2019-09-10,1300,0.0,27.3,27.3,temperatura
2019-09-10,1400,0.0,30.3,30.4,temperatura
2019-09-10,1500,0.0,32.8,33.2,temperatura
2019-09-10,1600,0.0,34.0,34.2,temperatura
2019-09-10,1700,0.0,33.2,34.6,temperatura
2019-09-10,1800,0.0,33.5,35.6,temperatura
2019-09-10,1900,0.0,36.8,36.8,temperatura
2019-09-10,2000,0.0,30.8,36.7,temperatura
2019-09-10,2100,0.0,30.3,32.4,temperatura
2019-09-10,2200,0.0,29.2,30.3,temperatura
2019-09-10,2300,0.0,26.1,29.2,temperatura
2019-09-12,0,0.0,25.6,27.6,temperatura
2019-09-12,100,0.0,24.8,25.5,temperatura
2019-09-12,200,0.0,24.2,24.8,temperatura
2019-09-12,300,0.0,23.9,24.4,temperatura
2019-09-12,400,0.0,23.9,24.0,temperatura
2019-09-12,500,0.0,23.8,23.9,temperatura
2019-09-12,600,0.0,23.0,23.9,temperatura
2019-09-12,700,0.0,22.6,23.2,temperatura
2019-09-12,800,0.0,22.2,22.9,temperatura
2019-09-12,900,0.0,21.9,22.3,temperatura
2019-09-12,1000,0.0,22.2,22.2,temperatura
2019-09-12,1100,0.0,21.9,22.2,temperatura
2019-09-12,1200,0.0,24.7,25.1,temperatura
2019-09-12,1300,0.0,27.5,27.8,temperatura
2019-09-12,1400,0.0,29.6,30.1,temperatura
2019-09-12,1500,0.0,32.3,32.4,temperatura
2019-09-12,1600,0.0,33.3,34.6,temperatura
2019-09-12,1700,0.0,33.1,35.3,temperatura
2019-09-12,1800,0.0,34.9,35.7,temperatura
2019-09-12,1900,0.0,35.3,35.7,temperatura
2019-09-12,2000,0.0,34.7,35.6,temperatura
2019-09-12,2100,0.0,34.2,35.0,temperatura
2019-09-12,2200,0.0,28.2,34.8,temperatura
2019-09-12,2300,0.0,26.9,28.2,temperatura
2019-09-16,0,0.0,26.0,27.8,temperatura
2019-09-16,100,0.0,25.3,26.3,temperatura
2019-09-16,200,0.0,24.7,25.3,temperatura
2019-09-16,300,0.0,24.4,24.9,temperatura
2019-09-16,400,0.0,24.3,24.5,temperatura
2019-09-16,500,0.0,23.7,24.3,temperatura
2019-09-16,600,0.0,23.4,23.7,temperatura
2019-09-16,700,0.0,22.8,23.4,temperatura
2019-09-16,800,0.0,22.4,22.9,temperatura
2019-09-16,900,0.0,22.3,22.6,temperatura
2019-09-16,1000,0.0,22.3,22.4,temperatura
2019-09-16,1100,0.0,22.2,22.3,temperatura
2019-09-16,1200,0.0,24.5,24.5,temperatura
2019-09-16,1300,0.0,28.2,28.2,temperatura
2019-09-16,1400,0.0,31.2,31.2,temperatura
2019-09-16,1500,0.0,33.0,33.0,temperatura
2019-09-16,1600,0.0,34.0,34.9,temperatura
2019-09-16,1700,0.0,33.9,35.3,temperatura
2019-09-16,1800,0.0,34.9,35.9,temperatura
2019-09-16,1900,0.0,34.6,35.5,temperatura
2019-09-16,2000,0.0,30.0,34.6,temperatura
2019-09-16,2100,0.0,33.3,33.5,temperatura
2019-09-16,2200,0.0,31.6,33.4,temperatura
2019-09-16,2300,0.0,28.9,31.6,temperatura
2019-09-17,0,0.0,27.3,29.2,temperatura
2019-09-17,100,0.0,26.5,27.3,temperatura
2019-09-17,200,0.0,25.6,26.5,temperatura
2019-09-17,300,0.0,25.0,25.7,temperatura
2019-09-17,400,0.0,24.3,25.0,temperatura
2019-09-17,500,0.0,23.6,24.4,temperatura
2019-09-17,600,0.0,23.0,23.6,temperatura
2019-09-17,700,0.0,22.8,23.0,temperatura
2019-09-17,800,0.0,22.2,22.8,temperatura
2019-09-17,900,0.0,21.8,22.4,temperatura
2019-09-17,1000,0.0,21.7,22.0,temperatura
2019-09-17,1100,0.0,21.9,21.9,temperatura
2019-09-17,1200,0.0,24.2,24.2,temperatura
2019-09-17,1300,0.0,27.5,27.6,temperatura
2019-09-17,1400,0.0,30.9,31.2,temperatura
2019-09-17,1500,0.0,33.1,33.5,temperatura
2019-09-17,1600,0.0,34.5,34.7,temperatura
2019-09-17,1700,0.0,33.9,35.5,temperatura
2019-09-17,1800,0.0,35.9,36.5,temperatura
2019-09-17,1900,0.0,28.6,35.9,temperatura
2019-09-17,2000,0.0,32.0,32.6,temperatura
2019-09-17,2100,0.0,32.1,32.1,temperatura
2019-09-17,2200,0.0,28.9,32.8,temperatura
2019-09-17,2300,0.0,26.1,28.9,temperatura
2019-09-18,0,0.0,24.8,26.2,temperatura
2019-09-18,100,0.0,24.3,25.0,temperatura
2019-09-18,200,0.0,24.0,24.4,temperatura
2019-09-18,300,0.0,24.2,24.4,temperatura
2019-09-18,400,0.0,24.3,24.4,temperatura
2019-09-18,500,0.0,24.6,24.7,temperatura
2019-09-18,600,0.0,24.6,24.7,temperatura
2019-09-18,700,0.0,24.1,24.6,temperatura
2019-09-18,800,0.0,23.7,24.1,temperatura
2019-09-18,900,0.0,23.3,23.7,temperatura
2019-09-18,1000,0.0,23.1,23.5,temperatura
2019-09-18,1100,0.0,23.0,23.2,temperatura
2019-09-18,1200,0.0,25.3,25.3,temperatura
2019-09-18,1300,0.0,28.2,28.2,temperatura
2019-09-18,1400,0.0,30.2,30.4,temperatura
2019-09-18,1500,0.0,32.4,32.5,temperatura
2019-09-18,1600,0.0,33.5,33.5,temperatura
2019-09-18,1700,0.0,34.2,34.2,temperatura
2019-09-18,1800,0.0,35.7,35.7,temperatura
2019-09-18,1900,0.0,27.9,35.9,temperatura
2019-09-18,2000,0.0,27.3,28.3,temperatura
2019-09-18,2100,0.0,27.4,27.4,temperatura
2019-09-18,2200,0.0,27.4,27.5,temperatura
2019-09-18,2300,0.0,26.0,27.3,temperatura
2019-09-19,0,0.0,25.2,26.1,temperatura
2019-09-19,100,0.0,24.2,25.2,temperatura
2019-09-19,200,0.0,23.6,24.3,temperatura
2019-09-19,300,0.0,23.1,23.6,temperatura
2019-09-19,400,0.0,23.2,23.2,temperatura
2019-09-19,500,0.0,22.7,23.2,temperatura
2019-09-19,600,0.0,22.3,22.7,temperatura
2019-09-19,700,0.0,22.4,22.5,temperatura
2019-09-19,800,0.0,22.0,22.4,temperatura
2019-09-19,900,0.0,21.7,22.3,temperatura
2019-09-19,1000,0.0,21.6,21.8,temperatura
2019-09-19,1100,0.0,21.8,21.8,temperatura
2019-09-19,1200,0.0,24.6,24.6,temperatura
2019-09-19,1300,0.0,27.6,27.7,temperatura
2019-09-19,1400,0.0,30.6,30.6,temperatura
2019-09-19,1500,0.0,33.1,33.3,temperatura
2019-09-19,1600,0.0,34.2,35.2,temperatura
2019-09-19,1700,0.0,34.9,35.8,temperatura
2019-09-19,1800,0.0,36.0,36.3,temperatura
2019-09-19,1900,0.0,35.2,36.2,temperatura
2019-09-19,2000,0.0,34.1,35.9,temperatura
2019-09-19,2100,0.0,34.0,34.9,temperatura
2019-09-19,2200,0.0,32.2,34.0,temperatura
2019-09-19,2300,0.0,28.5,32.2,temperatura
2019-09-20,0,0.0,26.9,28.5,temperatura
2019-09-20,100,0.0,26.6,26.9,temperatura
2019-09-20,200,0.0,26.4,26.9,temperatura
2019-09-20,300,0.0,25.1,26.4,temperatura
2019-09-20,400,0.0,24.4,25.3,temperatura
2019-09-20,500,0.0,23.7,24.5,temperatura
2019-09-20,600,0.0,23.4,23.9,temperatura
2019-09-20,700,0.0,23.2,23.5,temperatura
2019-09-20,800,0.0,22.9,23.2,temperatura
2019-09-20,900,0.0,22.4,22.9,temperatura
2019-09-20,1000,0.0,22.2,22.5,temperatura
2019-09-20,1100,0.0,22.5,22.6,temperatura
2019-09-20,1200,0.0,24.7,24.7,temperatura
2019-09-20,1300,0.0,27.7,27.7,temperatura
2019-09-20,1400,0.0,30.4,30.5,temperatura
2019-09-20,1500,0.0,32.9,33.0,temperatura
2019-09-20,1600,0.0,35.1,35.2,temperatura
2019-09-20,1700,0.0,34.6,35.8,temperatura
2019-09-20,1800,0.0,35.1,36.2,temperatura
2019-09-20,1900,11.6,22.3,35.1,temperatura
2019-09-20,2000,1.2,22.8,23.0,temperatura
2019-09-20,2100,0.0,23.3,23.4,temperatura
2019-09-20,2200,0.0,23.2,23.7,temperatura
2019-09-20,2300,0.0,22.7,23.3,temperatura
2019-09-25,0,0.0,24.5,25.5,temperatura
2019-09-25,100,0.0,23.8,24.5,temperatura
2019-09-25,200,0.0,23.3,23.8,temperatura
2019-09-25,300,0.0,22.7,23.3,temperatura
2019-09-25,400,0.0,22.4,22.7,temperatura
2019-09-25,500,0.0,21.9,22.4,temperatura
2019-09-25,600,0.0,21.3,21.9,temperatura
2019-09-25,700,0.0,20.9,21.4,temperatura
2019-09-25,800,0.0,20.7,21.0,temperatura
2019-09-25,900,0.0,20.6,21.0,temperatura
2019-09-25,1000,0.0,20.5,20.6,temperatura
2019-09-25,1100,0.0,21.4,21.4,temperatura
2019-09-25,1200,0.0,21.8,21.9,temperatura
2019-09-25,1300,0.0,23.1,23.1,temperatura
2019-09-25,1400,0.0,25.4,25.7,temperatura
2019-09-25,1500,0.0,28.4,28.5,temperatura
2019-09-25,1600,0.0,31.5,31.7,temperatura
2019-09-25,1700,0.0,32.9,33.4,temperatura
2019-09-25,1800,0.0,34.1,34.3,temperatura
2019-09-25,1900,0.0,34.8,35.1,temperatura
2019-09-25,2000,0.0,34.7,35.2,temperatura
2019-09-25,2100,0.0,34.1,35.2,temperatura
2019-09-25,2200,0.0,32.3,34.5,temperatura
2019-09-25,2300,0.0,27.2,32.3,temperatura
2019-09-26,0,0.0,25.4,27.2,temperatura
2019-09-26,100,0.0,24.2,25.5,temperatura
2019-09-26,200,0.0,23.8,24.4,temperatura
2019-09-26,300,0.0,23.5,23.8,temperatura
2019-09-26,400,0.0,22.7,23.5,temperatura
2019-09-26,500,0.0,22.5,22.7,temperatura
2019-09-26,600,0.0,21.9,22.5,temperatura
2019-09-26,700,0.0,22.0,22.2,temperatura
2019-09-26,800,0.0,21.5,22.1,temperatura
2019-09-26,900,0.0,21.6,21.8,temperatura
2019-09-26,1000,0.0,21.3,21.7,temperatura
2019-09-26,1100,0.0,21.0,21.4,temperatura
2019-09-26,1200,0.0,23.5,23.5,temperatura
2019-09-26,1300,0.0,26.3,26.5,temperatura
2019-09-26,1400,0.0,29.7,29.7,temperatura
2019-09-26,1500,0.0,31.7,32.2,temperatura
2019-09-26,1600,0.0,33.5,33.9,temperatura
2019-09-26,1700,0.0,33.9,34.9,temperatura
2019-09-26,1800,0.0,34.5,35.6,temperatura
2019-09-26,1900,0.0,32.9,35.6,temperatura
2019-09-26,2000,0.0,26.3,32.9,temperatura
2019-09-26,2100,0.0,24.1,26.3,temperatura
2019-09-26,2200,0.0,23.9,24.1,temperatura
2019-09-26,2300,0.0,23.4,23.9,temperatura
2019-09-29,0,0.0,25.8,27.7,temperatura
2019-09-29,100,0.0,25.4,25.8,temperatura
2019-09-29,200,0.0,24.9,25.4,temperatura
2019-09-29,300,0.0,24.1,24.9,temperatura
2019-09-29,400,0.0,23.6,24.1,temperatura
2019-09-29,500,0.0,23.2,23.6,temperatura
2019-09-29,600,0.0,22.6,23.2,temperatura
2019-09-29,700,0.0,22.3,22.8,temperatura
2019-09-29,800,0.0,22.4,22.5,temperatura
2019-09-29,900,0.0,22.2,22.5,temperatura
2019-09-29,1000,0.0,22.1,22.4,temperatura
2019-09-29,1100,0.0,22.3,22.3,temperatura
2019-09-29,1200,0.0,24.9,25.0,temperatura
2019-09-29,1300,0.0,27.5,27.5,temperatura
2019-09-29,1400,0.0,30.0,30.3,temperatura
2019-09-29,1500,0.0,31.7,32.2,temperatura
2019-09-29,1600,0.0,31.8,33.4,temperatura
2019-09-29,1700,0.0,33.9,33.9,temperatura
2019-09-29,1800,0.0,33.8,35.4,temperatura
2019-09-29,1900,0.0,32.2,34.3,temperatura
2019-09-29,2000,0.0,30.5,32.2,temperatura
2019-09-29,2100,0.0,28.1,30.5,temperatura
2019-09-29,2200,0.0,27.0,28.1,temperatura
2019-09-29,2300,0.0,25.3,27.0,temperatura
2019-11-09,0,0.0,25.5,27.2,temperatura
2019-11-09,100,0.0,24.5,25.5,temperatura
2019-11-09,200,0.0,24.2,24.5,temperatura
2019-11-09,300,0.0,23.6,24.2,temperatura
2019-11-09,400,0.0,23.3,23.7,temperatura
2019-11-09,500,0.0,23.3,23.7,temperatura
2019-11-09,600,0.0,23.3,23.3,temperatura
2019-11-09,700,0.0,22.4,23.3,temperatura
2019-11-09,800,0.0,22.4,22.5,temperatura
2019-11-09,900,0.0,23.0,23.0,temperatura
2019-11-09,1000,0.0,22.6,23.0,temperatura
2019-11-09,1100,0.0,22.9,22.9,temperatura
2019-11-09,1200,0.0,25.2,25.2,temperatura
2019-11-09,1300,0.0,27.6,27.6,temperatura
2019-11-09,1400,0.0,29.6,29.6,temperatura
2019-11-09,1500,0.0,32.2,32.2,temperatura
2019-11-09,1600,0.0,33.0,33.0,temperatura
2019-11-09,1700,0.0,33.6,34.3,temperatura
2019-11-09,1800,0.0,34.0,35.1,temperatura
2019-11-09,1900,0.0,32.7,35.1,temperatura
2019-11-09,2000,0.0,30.5,32.7,temperatura
2019-11-09,2100,0.0,28.9,30.6,temperatura
2019-11-09,2200,0.0,27.8,28.9,temperatura
2019-11-09,2300,0.0,26.4,27.9,temperatura
2019-11-27,0,0.0,25.9,26.1,temperatura
2019-11-27,100,0.0,25.2,25.9,temperatura
2019-11-27,200,0.0,24.5,25.2,temperatura
2019-11-27,300,0.0,24.2,24.5,temperatura
2019-11-27,400,0.0,23.6,24.2,temperatura
2019-11-27,500,0.0,23.3,23.6,temperatura
2019-11-27,600,0.0,22.9,23.4,temperatura
2019-11-27,700,0.0,22.5,22.9,temperatura
2019-11-27,800,0.0,22.3,22.6,temperatura
2019-11-27,900,0.0,22.2,22.5,temperatura
2019-11-27,1000,0.0,22.0,22.3,temperatura
2019-11-27,1100,0.0,22.8,22.8,temperatura
2019-11-27,1200,0.0,25.0,25.0,temperatura
2019-11-27,1300,0.0,27.1,27.1,temperatura
2019-11-27,1400,0.2,29.5,29.6,temperatura
2019-11-27,1500,0.0,31.5,31.8,temperatura
2019-11-27,1600,0.0,32.6,32.8,temperatura
2019-11-27,1700,0.0,33.5,34.5,temperatura
2019-11-27,1800,0.0,33.8,34.6,temperatura
2019-11-27,1900,0.0,34.7,35.1,temperatura
2019-11-27,2000,0.0,34.1,34.9,temperatura
2019-11-27,2100,0.0,33.6,34.9,temperatura
2019-11-27,2200,0.0,33.6,34.1,temperatura
2019-11-27,2300,1.4,27.9,33.6,temperatura
2020-01-07,0,0.0,26.6,29.1,temperatura
2020-01-07,100,0.0,25.4,26.6,temperatura
2020-01-07,200,0.0,24.5,25.4,temperatura
2020-01-07,300,0.0,24.1,24.5,temperatura
2020-01-07,400,0.0,23.7,24.1,temperatura
2020-01-07,500,0.0,23.4,23.7,temperatura
2020-01-07,600,0.0,23.0,23.4,temperatura
2020-01-07,700,0.0,22.8,23.1,temperatura
2020-01-07,800,0.0,22.4,22.8,temperatura
2020-01-07,900,0.0,22.2,22.5,temperatura
2020-01-07,1000,0.0,22.4,22.4,temperatura
2020-01-07,1100,0.0,22.7,22.7,temperatura
2020-01-07,1200,0.0,24.3,24.3,temperatura
2020-01-07,1300,0.0,26.9,26.9,temperatura
2020-01-07,1400,0.0,30.2,30.2,temperatura
2020-01-07,1500,0.0,32.1,32.1,temperatura
2020-01-07,1600,0.0,33.0,33.2,temperatura
2020-01-07,1700,0.0,33.6,34.0,temperatura
2020-01-07,1800,0.0,34.6,34.8,temperatura
2020-01-07,1900,0.0,35.1,35.2,temperatura
2020-01-07,2000,0.0,34.5,35.2,temperatura
2020-01-07,2100,0.0,34.1,34.8,temperatura
2020-01-07,2200,0.0,32.9,34.1,temperatura
2020-01-07,2300,0.0,29.5,32.9,temperatura
2020-01-08,0,0.0,26.4,29.5,temperatura
2020-01-08,100,0.0,25.2,26.4,temperatura
2020-01-08,200,0.0,24.4,25.2,temperatura
2020-01-08,300,0.0,24.0,24.4,temperatura
2020-01-08,400,0.0,23.5,24.1,temperatura
2020-01-08,500,0.0,23.1,23.5,temperatura
2020-01-08,600,0.0,22.8,23.1,temperatura
2020-01-08,700,0.0,22.3,22.8,temperatura
2020-01-08,800,0.0,22.2,22.5,temperatura
2020-01-08,900,0.0,22.2,22.2,temperatura
2020-01-08,1000,0.0,22.3,22.4,temperatura
2020-01-08,1100,0.0,22.6,22.6,temperatura
2020-01-08,1200,0.0,23.9,23.9,temperatura
2020-01-08,1300,0.0,26.5,26.9,temperatura
2020-01-08,1400,0.0,28.3,28.4,temperatura
2020-01-08,1500,0.0,31.8,31.8,temperatura
2020-01-08,1600,0.0,33.2,33.2,temperatura
2020-01-08,1700,0.0,33.5,34.2,temperatura
2020-01-08,1800,0.0,34.5,34.6,temperatura
2020-01-08,1900,0.0,34.8,35.2,temperatura
2020-01-08,2000,0.0,36.2,36.4,temperatura
2020-01-08,2100,0.0,35.0,36.2,temperatura
2020-01-08,2200,0.0,33.6,35.0,temperatura
2020-01-08,2300,0.0,30.0,33.7,temperatura
2020-01-16,0,0.2,23.8,25.1,temperatura
2020-01-16,100,0.2,23.4,23.8,temperatura
2020-01-16,200,0.2,23.2,23.4,temperatura
2020-01-16,300,0.0,23.3,23.4,temperatura
2020-01-16,400,0.0,22.5,23.3,temperatura
2020-01-16,500,0.0,22.1,22.5,temperatura
2020-01-16,600,0.0,22.4,22.4,temperatura
2020-01-16,700,0.0,22.3,22.4,temperatura
2020-01-16,800,0.0,22.3,22.4,temperatura
2020-01-16,900,0.0,22.5,22.5,temperatura
2020-01-16,1000,0.0,22.1,22.5,temperatura
2020-01-16,1100,0.0,22.2,22.2,temperatura
2020-01-16,1200,0.0,22.8,22.8,temperatura
2020-01-16,1300,0.0,24.1,24.3,temperatura
2020-01-16,1400,0.0,27.1,27.3,temperatura
2020-01-16,1500,0.0,30.0,30.2,temperatura
2020-01-16,1600,0.0,31.6,31.6,temperatura
2020-01-16,1700,0.0,33.2,33.4,temperatura
2020-01-16,1800,0.0,33.7,34.4,temperatura
2020-01-16,1900,0.0,34.3,35.1,temperatura
2020-01-16,2000,0.0,35.1,35.4,temperatura
2020-01-16,2100,0.0,34.7,35.5,temperatura
2020-01-16,2200,0.0,33.9,35.1,temperatura
2020-01-16,2300,0.0,30.5,34.3,temperatura
2020-01-27,0,0.0,25.4,25.7,temperatura
2020-01-27,100,0.0,25.1,25.5,temperatura
2020-01-27,200,0.0,24.8,25.1,temperatura
2020-01-27,300,0.0,24.4,24.8,temperatura
2020-01-27,400,0.0,24.2,24.4,temperatura
2020-01-27,500,0.0,24.0,24.2,temperatura
2020-01-27,600,0.0,23.7,24.0,temperatura
2020-01-27,700,0.0,23.6,23.8,temperatura
2020-01-27,800,0.0,23.5,23.6,temperatura
2020-01-27,900,0.0,23.5,23.5,temperatura
2020-01-27,1000,0.0,23.6,23.7,temperatura
2020-01-27,1100,0.0,23.6,23.6,temperatura
2020-01-27,1200,0.0,24.1,24.2,temperatura
2020-01-27,1300,0.0,25.1,25.1,temperatura
2020-01-27,1400,0.0,28.0,28.0,temperatura
2020-01-27,1500,0.0,30.2,30.2,temperatura
2020-01-27,1600,0.0,32.5,32.7,temperatura
2020-01-27,1700,0.0,33.7,33.7,temperatura
2020-01-27,1800,0.0,35.1,35.1,temperatura
2020-01-27,1900,0.0,34.3,35.1,temperatura
2020-01-27,2000,0.0,35.2,35.6,temperatura
2020-01-27,2100,0.0,34.8,35.4,temperatura
2020-01-27,2200,0.0,33.6,35.3,temperatura
2020-01-27,2300,0.0,30.2,33.7,temperatura
2020-05-12,0,0.0,25.6,27.1,temperatura
2020-05-12,100,0.0,24.8,25.6,temperatura
2020-05-12,200,0.0,24.4,24.8,temperatura
2020-05-12,300,0.0,23.9,24.4,temperatura
2020-05-12,400,0.0,23.5,23.9,temperatura
2020-05-12,500,0.0,23.2,23.5,temperatura
2020-05-12,600,0.0,22.7,23.2,temperatura
2020-05-12,700,0.0,22.7,22.9,temperatura
2020-05-12,800,0.0,22.4,22.7,temperatura
2020-05-12,900,0.0,22.3,22.5,temperatura
2020-05-12,1000,0.0,22.1,22.3,temperatura
2020-05-12,1100,0.0,21.9,22.2,temperatura
2020-05-12,1200,0.0,24.1,24.1,temperatura
2020-05-12,1300,0.0,26.9,26.9,temperatura
2020-05-12,1400,0.0,28.8,28.9,temperatura
2020-05-12,1500,0.0,30.6,30.6,temperatura
2020-05-12,1600,0.0,32.5,32.5,temperatura
2020-05-12,1700,0.0,33.4,33.4,temperatura
2020-05-12,1800,0.0,34.0,34.6,temperatura
2020-05-12,1900,0.0,35.1,35.1,temperatura
2020-05-12,2000,0.0,32.2,35.1,temperatura
2020-05-12,2100,0.0,29.9,32.1,temperatura
2020-05-12,2200,0.6,26.8,29.9,temperatura
2020-05-12,2300,0.2,25.2,26.8,temperatura
2020-08-03,0,0.0,23.2,25.6,temperatura
2020-08-03,100,0.0,22.0,23.2,temperatura
2020-08-03,200,0.0,21.3,22.1,temperatura
2020-08-03,300,0.0,20.8,21.3,temperatura
2020-08-03,400,0.0,19.9,20.8,temperatura
2020-08-03,500,0.0,19.1,19.9,temperatura
2020-08-03,600,0.0,19.1,19.5,temperatura
2020-08-03,700,0.0,18.9,19.2,temperatura
2020-08-03,800,0.0,18.6,19.0,temperatura
2020-08-03,900,0.0,17.9,18.6,temperatura
2020-08-03,1000,0.0,18.1,18.1,temperatura
2020-08-03,1100,0.0,17.7,18.1,temperatura
2020-08-03,1200,0.0,19.9,19.9,temperatura
2020-08-03,1300,0.0,22.8,22.8,temperatura
2020-08-03,1400,0.0,26.6,26.6,temperatura
2020-08-03,1500,0.0,30.4,30.4,temperatura
2020-08-03,1600,0.0,32.6,32.8,temperatura
2020-08-03,1700,0.0,33.1,34.2,temperatura
2020-08-03,1800,0.0,34.3,34.3,temperatura
2020-08-03,1900,0.0,34.0,35.4,temperatura
2020-08-03,2000,0.0,32.5,33.9,temperatura
2020-08-03,2100,0.0,30.8,32.5,temperatura
2020-08-03,2200,0.0,28.0,30.8,temperatura
2020-08-03,2300,0.0,25.0,28.0,temperatura
2020-08-04,0,0.0,22.7,25.0,temperatura
2020-08-04,100,0.0,22.0,22.7,temperatura
2020-08-04,200,0.0,21.4,22.0,temperatura
2020-08-04,300,0.0,20.7,21.5,temperatura
2020-08-04,400,0.0,20.1,20.7,temperatura
2020-08-04,500,0.0,19.8,20.1,temperatura
2020-08-04,600,0.0,19.3,19.8,temperatura
2020-08-04,700,0.0,18.8,19.3,temperatura
2020-08-04,800,0.0,18.9,19.0,temperatura
2020-08-04,900,0.0,18.9,19.0,temperatura
2020-08-04,1000,0.0,18.8,19.1,temperatura
2020-08-04,1100,0.0,18.4,18.8,temperatura
2020-08-04,1200,0.0,20.3,20.3,temperatura
2020-08-04,1300,0.0,22.9,22.9,temperatura
2020-08-04,1400,0.0,27.2,27.3,temperatura
2020-08-04,1500,0.0,30.6,30.8,temperatura
2020-08-04,1600,0.0,32.9,33.2,temperatura
2020-08-04,1700,0.0,33.8,34.6,temperatura
2020-08-04,1800,0.0,34.3,34.9,temperatura
2020-08-04,1900,0.0,34.1,35.5,temperatura
2020-08-04,2000,0.0,34.3,35.7,temperatura
2020-08-04,2100,0.0,33.5,34.6,temperatura
2020-08-04,2200,0.0,32.1,33.5,temperatura
2020-08-04,2300,0.0,26.2,32.2,temperatura
2020-08-05,0,0.0,23.6,26.2,temperatura
2020-08-05,100,0.0,22.2,23.6,temperatura
2020-08-05,200,0.0,21.5,22.2,temperatura
2020-08-05,300,0.0,20.7,21.5,temperatura
2020-08-05,400,0.0,19.8,20.7,temperatura
2020-08-05,500,0.0,19.6,20.1,temperatura
2020-08-05,600,0.0,19.2,19.8,temperatura
2020-08-05,700,0.0,19.0,19.3,temperatura
2020-08-05,800,0.0,18.3,19.1,temperatura
2020-08-05,900,0.0,18.0,18.4,temperatura
2020-08-05,1000,0.0,17.8,18.1,temperatura
2020-08-05,1100,0.0,17.7,17.8,temperatura
2020-08-05,1200,0.0,19.7,19.7,temperatura
2020-08-05,1300,0.0,22.9,22.9,temperatura
2020-08-05,1400,0.0,27.3,27.3,temperatura
2020-08-05,1500,0.0,30.2,30.4,temperatura
2020-08-05,1600,0.0,32.3,32.8,temperatura
2020-08-05,1700,0.0,32.6,34.6,temperatura
2020-08-05,1800,0.0,33.8,34.9,temperatura
2020-08-05,1900,0.0,34.6,35.2,temperatura
2020-08-05,2000,0.0,33.0,35.3,temperatura
2020-08-05,2100,0.0,34.5,34.6,temperatura
2020-08-05,2200,0.0,32.4,34.7,temperatura
2020-08-05,2300,0.0,27.0,32.4,temperatura
2020-08-06,0,0.0,24.8,27.0,temperatura
2020-08-06,100,0.0,23.4,24.8,temperatura
2020-08-06,200,0.0,22.7,23.4,temperatura
2020-08-06,300,0.0,21.7,22.7,temperatura
2020-08-06,400,0.0,21.1,21.8,temperatura
2020-08-06,500,0.0,20.4,21.1,temperatura
2020-08-06,600,0.0,19.8,20.4,temperatura
2020-08-06,700,0.0,19.5,19.9,temperatura
2020-08-06,800,0.0,18.8,19.5,temperatura
2020-08-06,900,0.0,18.3,18.8,temperatura
2020-08-06,1000,0.0,18.2,18.5,temperatura
2020-08-06,1100,0.0,18.3,18.3,temperatura
2020-08-06,1200,0.0,20.1,20.1,temperatura
2020-08-06,1300,0.0,23.0,23.2,temperatura
2020-08-06,1400,0.0,26.9,26.9,temperatura
2020-08-06,1500,0.0,30.3,30.3,temperatura
2020-08-06,1600,0.0,32.7,32.9,temperatura
2020-08-06,1700,0.0,33.8,34.0,temperatura
2020-08-06,1800,0.0,34.2,35.0,temperatura
2020-08-06,1900,0.0,34.4,35.1,temperatura
2020-08-06,2000,0.0,34.3,34.8,temperatura
2020-08-06,2100,0.0,32.9,34.7,temperatura
2020-08-06,2200,0.0,31.6,33.2,temperatura
2020-08-06,2300,0.0,26.9,31.7,temperatura
2020-08-07,0,0.0,24.3,26.9,temperatura
2020-08-07,100,0.0,22.3,24.2,temperatura
2020-08-07,200,0.0,22.1,22.3,temperatura
2020-08-07,300,0.0,21.1,22.1,temperatura
2020-08-07,400,0.0,20.6,21.3,temperatura
2020-08-07,500,0.0,20.4,20.6,temperatura
2020-08-07,600,0.0,19.5,20.4,temperatura
2020-08-07,700,0.0,19.6,19.9,temperatura
2020-08-07,800,0.0,19.5,19.8,temperatura
2020-08-07,900,0.0,19.6,19.6,temperatura
2020-08-07,1000,0.0,20.2,20.2,temperatura
2020-08-07,1100,0.0,20.1,20.3,temperatura
2020-08-07,1200,0.0,21.6,21.6,temperatura
2020-08-07,1300,0.0,24.1,24.1,temperatura
2020-08-07,1400,0.0,27.4,27.4,temperatura
2020-08-07,1500,0.0,29.6,29.6,temperatura
2020-08-07,1600,0.0,32.4,32.4,temperatura
2020-08-07,1700,0.0,35.1,35.1,temperatura
2020-08-07,1800,0.0,33.4,35.1,temperatura
2020-08-07,1900,0.0,32.4,33.5,temperatura
2020-08-07,2000,0.0,31.0,32.4,temperatura
2020-08-07,2100,0.0,31.4,32.3,temperatura
2020-08-07,2200,0.0,32.1,32.5,temperatura
2020-08-07,2300,0.0,28.7,32.1,temperatura
2020-08-08,0,0.0,26.4,28.7,temperatura
2020-08-08,100,0.0,24.7,26.4,temperatura
2020-08-08,200,0.0,23.8,24.7,temperatura
2020-08-08,300,0.0,23.3,23.8,temperatura
2020-08-08,400,0.0,22.9,23.3,temperatura
2020-08-08,500,0.0,22.3,22.9,temperatura
2020-08-08,600,0.0,21.7,22.3,temperatura
2020-08-08,700,0.0,21.3,21.7,temperatura
2020-08-08,800,0.0,21.3,21.6,temperatura
2020-08-08,900,0.0,21.1,21.4,temperatura
2020-08-08,1000,0.0,20.9,21.2,temperatura
2020-08-08,1100,0.0,20.7,21.0,temperatura
2020-08-08,1200,0.0,22.6,22.6,temperatura
2020-08-08,1300,0.0,24.2,24.2,temperatura
2020-08-08,1400,0.0,28.0,28.0,temperatura
2020-08-08,1500,0.0,30.3,30.5,temperatura
2020-08-08,1600,0.0,32.5,32.7,temperatura
2020-08-08,1700,0.0,34.3,34.4,temperatura
2020-08-08,1800,0.0,34.8,34.8,temperatura
2020-08-08,1900,0.0,34.8,35.5,temperatura
2020-08-08,2000,0.0,34.6,35.4,temperatura
2020-08-08,2100,0.0,32.6,34.5,temperatura
2020-08-08,2200,0.0,29.6,32.6,temperatura
2020-08-08,2300,0.0,26.3,29.6,temperatura
2020-08-11,0,0.0,24.8,27.3,temperatura
2020-08-11,100,0.0,23.6,24.8,temperatura
2020-08-11,200,0.0,23.1,23.6,temperatura
2020-08-11,300,0.0,22.4,23.1,temperatura
2020-08-11,400,0.0,21.7,22.4,temperatura
2020-08-11,500,0.0,21.5,22.0,temperatura
2020-08-11,600,0.0,20.9,21.6,temperatura
2020-08-11,700,0.0,20.4,21.0,temperatura
2020-08-11,800,0.0,20.2,20.5,temperatura
2020-08-11,900,0.0,19.9,20.2,temperatura
2020-08-11,1000,0.0,19.8,20.1,temperatura
2020-08-11,1100,0.0,19.3,20.0,temperatura
2020-08-11,1200,0.0,21.3,21.3,temperatura
2020-08-11,1300,0.0,24.1,24.1,temperatura
2020-08-11,1400,0.0,27.5,27.5,temperatura
2020-08-11,1500,0.0,30.7,30.7,temperatura
2020-08-11,1600,0.0,33.2,33.2,temperatura
2020-08-11,1700,0.0,33.1,33.8,temperatura
2020-08-11,1800,0.0,34.5,34.9,temperatura
2020-08-11,1900,0.0,34.8,35.3,temperatura
2020-08-11,2000,0.0,34.7,35.7,temperatura
2020-08-11,2100,0.0,34.1,34.8,temperatura
2020-08-11,2200,0.0,32.3,34.1,temperatura
2020-08-11,2300,0.0,27.7,32.3,temperatura
2020-08-12,0,0.0,25.0,27.7,temperatura
2020-08-12,100,0.0,23.8,25.0,temperatura
2020-08-12,200,0.0,23.3,23.8,temperatura
2020-08-12,300,0.0,22.4,23.3,temperatura
2020-08-12,400,0.0,22.3,22.4,temperatura
2020-08-12,500,0.0,21.9,22.3,temperatura
2020-08-12,600,0.0,21.5,22.0,temperatura
2020-08-12,700,0.0,21.1,21.5,temperatura
2020-08-12,800,0.0,20.9,21.1,temperatura
2020-08-12,900,0.0,20.7,21.0,temperatura
2020-08-12,1000,0.0,20.5,20.7,temperatura
2020-08-12,1100,0.0,20.5,20.7,temperatura
2020-08-12,1200,0.0,22.9,22.9,temperatura
2020-08-12,1300,0.0,25.6,25.6,temperatura
2020-08-12,1400,0.0,28.9,29.1,temperatura
2020-08-12,1500,0.0,31.6,31.6,temperatura
2020-08-12,1600,0.0,31.8,33.1,temperatura
2020-08-12,1700,0.0,34.2,34.7,temperatura
2020-08-12,1800,0.0,34.9,35.6,temperatura
2020-08-12,1900,0.0,35.1,35.7,temperatura
2020-08-12,2000,0.0,35.1,36.0,temperatura
2020-08-12,2100,0.0,33.6,35.8,temperatura
2020-08-12,2200,0.0,32.2,33.8,temperatura
2020-08-12,2300,0.0,28.8,32.2,temperatura
2020-08-13,0,0.0,26.1,28.8,temperatura
2020-08-13,100,0.0,24.8,26.1,temperatura
2020-08-13,200,0.0,24.3,24.8,temperatura
2020-08-13,300,0.0,23.3,24.3,temperatura
2020-08-13,400,0.0,23.0,23.5,temperatura
2020-08-13,500,0.0,22.4,23.2,temperatura
2020-08-13,600,0.0,22.3,22.5,temperatura
2020-08-13,700,0.0,21.4,22.3,temperatura
2020-08-13,800,0.0,22.1,22.1,temperatura
2020-08-13,900,0.0,21.6,22.1,temperatura
2020-08-13,1000,0.0,21.3,21.8,temperatura
2020-08-13,1100,0.0,20.8,21.3,temperatura
2020-08-13,1200,0.0,23.2,23.2,temperatura
2020-08-13,1300,0.0,25.3,25.3,temperatura
2020-08-13,1400,0.0,27.8,27.8,temperatura
2020-08-13,1500,0.0,30.8,31.1,temperatura
2020-08-13,1600,0.0,32.5,32.9,temperatura
2020-08-13,1700,0.0,33.6,34.3,temperatura
2020-08-13,1800,0.0,34.4,34.4,temperatura
2020-08-13,1900,0.0,34.7,35.3,temperatura
2020-08-13,2000,0.0,34.6,35.2,temperatura
2020-08-13,2100,0.0,33.8,34.7,temperatura
2020-08-13,2200,0.0,32.6,34.1,temperatura
2020-08-13,2300,0.0,28.1,32.6,temperatura
2020-08-14,0,0.0,25.5,28.1,temperatura
2020-08-14,100,0.0,24.7,25.5,temperatura
2020-08-14,200,0.0,24.3,24.8,temperatura
2020-08-14,300,0.0,24.1,24.3,temperatura
2020-08-14,400,0.0,24.0,24.2,temperatura
2020-08-14,500,0.0,24.1,24.2,temperatura
2020-08-14,600,0.0,23.5,24.1,temperatura
2020-08-14,700,0.0,23.1,23.5,temperatura
2020-08-14,800,0.0,22.9,23.1,temperatura
2020-08-14,900,0.0,22.8,22.9,temperatura
2020-08-14,1000,0.0,22.3,22.8,temperatura
2020-08-14,1100,0.0,22.3,22.4,temperatura
2020-08-14,1200,0.0,23.7,23.7,temperatura
2020-08-14,1300,0.0,25.3,25.3,temperatura
2020-08-14,1400,0.0,28.1,28.1,temperatura
2020-08-14,1500,0.0,30.7,30.8,temperatura
2020-08-14,1600,0.0,31.5,31.7,temperatura
2020-08-14,1700,0.0,32.3,33.0,temperatura
2020-08-14,1800,0.0,33.7,33.8,temperatura
2020-08-14,1900,0.0,34.2,34.2,temperatura
2020-08-14,2000,0.0,34.7,35.6,temperatura
2020-08-14,2100,0.0,33.5,34.7,temperatura
2020-08-14,2200,0.0,28.5,33.5,temperatura
2020-08-14,2300,2.4,24.5,28.5,temperatura
2020-08-16,0,0.0,24.4,25.2,temperatura
2020-08-16,100,0.0,23.8,24.4,temperatura
2020-08-16,200,0.0,22.9,23.8,temperatura
2020-08-16,300,0.0,22.3,22.9,temperatura
2020-08-16,400,0.0,21.9,22.3,temperatura
2020-08-16,500,0.0,21.5,22.0,temperatura
2020-08-16,600,0.0,21.1,21.5,temperatura
2020-08-16,700,0.0,21.0,21.2,temperatura
2020-08-16,800,0.0,21.0,21.1,temperatura
2020-08-16,900,0.0,21.0,21.0,temperatura
2020-08-16,1000,0.0,20.8,21.0,temperatura
2020-08-16,1100,0.0,20.3,20.8,temperatura
2020-08-16,1200,0.0,21.9,22.1,temperatura
2020-08-16,1300,0.0,23.9,23.9,temperatura
2020-08-16,1400,0.0,27.3,27.3,temperatura
2020-08-16,1500,0.0,30.4,30.8,temperatura
2020-08-16,1600,0.0,33.0,33.2,temperatura
2020-08-16,1700,0.0,33.1,33.8,temperatura
2020-08-16,1800,0.0,32.7,34.2,temperatura
2020-08-16,1900,0.0,35.0,35.2,temperatura
2020-08-16,2000,0.0,34.9,35.6,temperatura
2020-08-16,2100,0.0,33.3,35.1,temperatura
2020-08-16,2200,0.0,33.1,34.3,temperatura
2020-08-16,2300,0.0,28.2,33.1,temperatura
2020-08-17,0,0.0,25.6,28.2,temperatura
2020-08-17,100,0.0,24.8,25.7,temperatura
2020-08-17,200,0.0,23.8,24.8,temperatura
2020-08-17,300,0.0,23.4,23.8,temperatura
2020-08-17,400,0.0,22.9,23.6,temperatura
2020-08-17,500,0.0,22.2,22.9,temperatura
2020-08-17,600,0.0,21.6,22.4,temperatura
2020-08-17,700,0.0,21.5,22.0,temperatura
2020-08-17,800,0.0,21.1,21.6,temperatura
2020-08-17,900,0.0,20.5,21.2,temperatura
2020-08-17,1000,0.0,20.3,20.8,temperatura
2020-08-17,1100,0.0,20.1,20.5,temperatura
2020-08-17,1200,0.0,22.4,22.6,temperatura
2020-08-17,1300,0.0,26.3,26.3,temperatura
2020-08-17,1400,0.0,30.1,30.1,temperatura
2020-08-17,1500,0.0,33.1,33.2,temperatura
2020-08-17,1600,0.0,34.8,34.8,temperatura
2020-08-17,1700,0.0,35.7,36.1,temperatura
2020-08-17,1800,0.0,35.6,36.6,temperatura
2020-08-17,1900,0.0,35.6,36.3,temperatura
2020-08-17,2000,0.0,34.8,35.7,temperatura
2020-08-17,2100,0.0,34.6,34.9,temperatura
2020-08-17,2200,0.0,32.2,34.8,temperatura
2020-08-17,2300,0.0,28.6,32.2,temperatura
2020-08-18,0,0.0,26.2,28.6,temperatura
2020-08-18,100,0.0,25.3,26.2,temperatura
2020-08-18,200,0.0,24.6,25.3,temperatura
2020-08-18,300,0.0,24.4,24.7,temperatura
2020-08-18,400,0.0,24.2,24.5,temperatura
2020-08-18,500,0.0,24.6,24.6,temperatura
2020-08-18,600,0.0,24.8,24.9,temperatura
2020-08-18,700,0.0,23.7,24.8,temperatura
2020-08-18,800,0.0,23.1,23.7,temperatura
2020-08-18,900,0.0,23.2,23.3,temperatura
2020-08-18,1000,0.0,22.9,23.4,temperatura
2020-08-18,1100,0.0,23.1,23.1,temperatura
2020-08-18,1200,0.0,23.9,24.0,temperatura
2020-08-18,1300,0.0,26.7,26.7,temperatura
2020-08-18,1400,0.0,30.2,30.2,temperatura
2020-08-18,1500,0.0,31.4,31.8,temperatura
2020-08-18,1600,0.0,33.9,34.0,temperatura
2020-08-18,1700,0.0,35.0,35.4,temperatura
2020-08-18,1800,0.0,35.8,36.3,temperatura
2020-08-18,1900,0.0,35.5,36.5,temperatura
2020-08-18,2000,0.0,36.0,37.1,temperatura
2020-08-18,2100,0.0,34.6,36.2,temperatura
2020-08-18,2200,0.0,32.9,34.8,temperatura
2020-08-18,2300,0.0,28.6,32.9,temperatura
2020-08-19,0,0.0,26.0,28.6,temperatura
2020-08-19,100,0.0,25.0,26.0,temperatura
2020-08-19,200,0.0,23.8,25.0,temperatura
2020-08-19,300,0.0,23.3,23.8,temperatura
2020-08-19,400,0.0,22.9,23.4,temperatura
2020-08-19,500,0.0,22.6,22.9,temperatura
2020-08-19,600,0.0,21.9,22.6,temperatura
2020-08-19,700,0.0,21.9,22.0,temperatura
2020-08-19,800,0.0,21.4,21.9,temperatura
2020-08-19,900,0.0,21.1,21.4,temperatura
2020-08-19,1000,0.0,20.8,21.1,temperatura
2020-08-19,1100,0.0,20.6,20.8,temperatura
2020-08-19,1200,0.0,23.7,23.8,temperatura
2020-08-19,1300,0.0,26.9,26.9,temperatura
2020-08-19,1400,0.0,31.1,31.1,temperatura
2020-08-19,1500,0.0,33.3,33.3,temperatura
2020-08-19,1600,0.0,34.1,34.7,temperatura
2020-08-19,1700,0.0,34.9,35.8,temperatura
2020-08-19,1800,0.0,35.9,36.2,temperatura
2020-08-19,1900,0.0,36.2,36.6,temperatura
2020-08-19,2000,0.0,35.7,36.2,temperatura
2020-08-19,2100,0.0,33.3,36.2,temperatura
2020-08-19,2200,0.4,29.9,33.3,temperatura
2020-08-19,2300,0.0,27.5,30.1,temperatura
2020-08-20,0,0.0,25.7,27.5,temperatura
2020-08-20,100,0.0,25.0,25.7,temperatura
2020-08-20,200,0.0,24.4,25.0,temperatura
2020-08-20,300,0.0,24.0,24.4,temperatura
2020-08-20,400,0.0,23.3,24.0,temperatura
2020-08-20,500,0.0,23.1,23.4,temperatura
2020-08-20,600,0.0,22.7,23.1,temperatura
2020-08-20,700,0.0,22.1,22.7,temperatura
2020-08-20,800,0.0,21.9,22.4,temperatura
2020-08-20,900,0.0,21.7,22.2,temperatura
2020-08-20,1000,0.0,21.5,21.7,temperatura
2020-08-20,1100,0.0,21.5,21.5,temperatura
2020-08-20,1200,0.0,24.1,24.1,temperatura
2020-08-20,1300,0.0,26.8,26.8,temperatura
2020-08-20,1400,0.0,30.1,30.1,temperatura
2020-08-20,1500,0.0,32.7,32.7,temperatura
2020-08-20,1600,0.0,34.5,34.8,temperatura
2020-08-20,1700,0.0,35.8,36.0,temperatura
2020-08-20,1800,0.0,36.3,36.6,temperatura
2020-08-20,1900,0.0,33.3,36.3,temperatura
2020-08-20,2000,0.0,33.0,33.3,temperatura
2020-08-20,2100,0.0,31.3,33.5,temperatura
2020-08-20,2200,0.0,28.7,31.3,temperatura
2020-08-20,2300,0.0,26.9,28.7,temperatura
2020-08-26,0,0.0,22.8,25.4,temperatura
2020-08-26,100,0.0,21.7,22.8,temperatura
2020-08-26,200,0.0,21.0,21.7,temperatura
2020-08-26,300,0.0,20.1,21.0,temperatura
2020-08-26,400,0.0,19.6,20.2,temperatura
2020-08-26,500,0.0,19.1,19.6,temperatura
2020-08-26,600,0.0,18.2,19.1,temperatura
2020-08-26,700,0.0,17.9,18.3,temperatura
2020-08-26,800,0.0,17.5,17.9,temperatura
2020-08-26,900,0.0,17.2,17.5,temperatura
2020-08-26,1000,0.0,16.7,17.2,temperatura
2020-08-26,1100,0.0,16.4,16.7,temperatura
2020-08-26,1200,0.0,19.5,19.6,temperatura
2020-08-26,1300,0.0,22.1,22.1,temperatura
2020-08-26,1400,0.0,27.3,27.4,temperatura
2020-08-26,1500,0.0,30.4,30.4,temperatura
2020-08-26,1600,0.0,32.8,32.8,temperatura
2020-08-26,1700,0.0,33.3,33.3,temperatura
2020-08-26,1800,0.0,34.2,34.4,temperatura
2020-08-26,1900,0.0,34.6,34.9,temperatura
2020-08-26,2000,0.0,34.7,35.1,temperatura
2020-08-26,2100,0.0,34.6,35.0,temperatura
2020-08-26,2200,0.0,32.5,34.6,temperatura
2020-08-26,2300,0.0,25.8,32.5,temperatura
2020-08-27,0,0.0,22.4,25.7,temperatura
2020-08-27,100,0.0,20.8,22.4,temperatura
2020-08-27,200,0.0,19.6,20.8,temperatura
2020-08-27,300,0.0,19.6,19.8,temperatura
2020-08-27,400,0.0,18.6,19.6,temperatura
2020-08-27,500,0.0,18.3,18.8,temperatura
2020-08-27,600,0.0,18.4,18.6,temperatura
2020-08-27,700,0.0,18.0,18.4,temperatura
2020-08-27,800,0.0,17.8,18.0,temperatura
2020-08-27,900,0.0,17.5,17.8,temperatura
2020-08-27,1000,0.0,17.2,17.6,temperatura
2020-08-27,1100,0.0,16.9,17.2,temperatura
2020-08-27,1200,0.0,19.6,19.6,temperatura
2020-08-27,1300,0.0,23.3,23.3,temperatura
2020-08-27,1400,0.0,28.5,28.5,temperatura
2020-08-27,1500,0.0,31.8,32.0,temperatura
2020-08-27,1600,0.0,33.3,33.7,temperatura
2020-08-27,1700,0.0,34.6,34.9,temperatura
2020-08-27,1800,0.0,35.9,36.2,temperatura
2020-08-27,1900,0.0,36.3,36.8,temperatura
2020-08-27,2000,0.0,36.2,36.6,temperatura
2020-08-27,2100,0.0,35.2,36.3,temperatura
2020-08-27,2200,0.0,33.1,35.5,temperatura
2020-08-27,2300,0.0,27.1,33.1,temperatura
2020-08-28,0,0.0,24.5,27.1,temperatura
2020-08-28,100,0.0,22.7,24.5,temperatura
2020-08-28,200,0.0,22.1,22.8,temperatura
2020-08-28,300,0.0,21.3,22.1,temperatura
2020-08-28,400,0.0,20.8,21.4,temperatura
2020-08-28,500,0.0,20.1,20.8,temperatura
2020-08-28,600,0.0,19.6,20.1,temperatura
2020-08-28,700,0.0,19.4,19.7,temperatura
2020-08-28,800,0.0,19.0,19.5,temperatura
2020-08-28,900,0.0,18.8,19.0,temperatura
2020-08-28,1000,0.0,18.6,18.8,temperatura
2020-08-28,1100,0.0,18.4,18.6,temperatura
2020-08-28,1200,0.0,21.1,21.1,temperatura
2020-08-28,1300,0.0,24.1,24.2,temperatura
2020-08-28,1400,0.0,29.1,29.1,temperatura
2020-08-28,1500,0.0,31.5,31.5,temperatura
2020-08-28,1600,0.0,33.6,33.6,temperatura
2020-08-28,1700,0.0,34.4,34.4,temperatura
2020-08-28,1800,0.0,35.1,35.8,temperatura
2020-08-28,1900,0.0,34.4,36.0,temperatura
2020-08-28,2000,0.0,34.8,35.7,temperatura
2020-08-28,2100,0.0,34.8,35.1,temperatura
2020-08-28,2200,0.0,33.3,34.8,temperatura
2020-08-28,2300,0.0,27.9,33.3,temperatura
2020-08-29,0,0.0,25.3,27.9,temperatura
2020-08-29,100,0.0,24.0,25.3,temperatura
2020-08-29,200,0.0,23.2,24.0,temperatura
2020-08-29,300,0.0,23.0,23.3,temperatura
2020-08-29,400,0.0,22.9,23.2,temperatura
2020-08-29,500,0.0,22.6,22.9,temperatura
2020-08-29,600,0.0,22.5,22.6,temperatura
2020-08-29,700,0.0,21.8,22.5,temperatura
2020-08-29,800,0.0,21.5,21.9,temperatura
2020-08-29,900,0.0,21.4,21.6,temperatura
2020-08-29,1000,0.0,21.4,21.6,temperatura
2020-08-29,1100,0.0,21.3,21.6,temperatura
2020-08-29,1200,0.0,22.1,22.1,temperatura
2020-08-29,1300,0.0,25.6,25.6,temperatura
2020-08-29,1400,0.0,29.4,29.4,temperatura
2020-08-29,1500,0.0,31.7,31.7,temperatura
2020-08-29,1600,0.0,33.5,33.5,temperatura
2020-08-29,1700,0.0,33.5,34.2,temperatura
2020-08-29,1800,0.0,34.1,35.2,temperatura
2020-08-29,1900,0.0,35.0,35.4,temperatura
2020-08-29,2000,0.0,34.8,35.2,temperatura
2020-08-29,2100,0.0,33.5,34.9,temperatura
2020-08-29,2200,0.0,32.0,33.5,temperatura
2020-08-29,2300,0.0,28.8,32.0,temperatura
2020-08-30,0,0.0,26.5,28.8,temperatura
2020-08-30,100,0.0,25.7,26.5,temperatura
2020-08-30,200,0.0,25.6,25.7,temperatura
2020-08-30,300,0.0,24.9,25.6,temperatura
2020-08-30,400,0.0,24.2,24.9,temperatura
2020-08-30,500,0.0,23.7,24.2,temperatura
2020-08-30,600,0.0,23.3,23.8,temperatura
2020-08-30,700,0.0,23.1,23.4,temperatura
2020-08-30,800,0.0,22.7,23.2,temperatura
2020-08-30,900,0.0,22.6,22.7,temperatura
2020-08-30,1000,0.0,22.0,22.6,temperatura
2020-08-30,1100,0.0,21.9,22.1,temperatura
2020-08-30,1200,0.0,24.2,24.2,temperatura
2020-08-30,1300,0.0,26.8,26.8,temperatura
2020-08-30,1400,0.0,30.4,30.6,temperatura
2020-08-30,1500,0.0,33.0,33.0,temperatura
2020-08-30,1600,0.0,34.5,35.4,temperatura
2020-08-30,1700,0.0,35.0,35.4,temperatura
2020-08-30,1800,0.0,35.6,35.9,temperatura
2020-08-30,1900,0.0,36.2,36.6,temperatura
2020-08-30,2000,0.0,36.2,36.3,temperatura
2020-08-30,2100,0.0,34.2,36.2,temperatura
2020-08-30,2200,0.0,30.5,34.2,temperatura
2020-08-30,2300,0.0,27.8,30.5,temperatura
2020-09-06,0,0.0,26.0,27.4,temperatura
2020-09-06,100,0.0,25.9,26.0,temperatura
2020-09-06,200,0.0,25.5,25.9,temperatura
2020-09-06,300,0.0,25.4,25.9,temperatura
2020-09-06,400,0.0,24.6,25.4,temperatura
2020-09-06,500,0.0,24.1,24.6,temperatura
2020-09-06,600,0.0,23.6,24.2,temperatura
2020-09-06,700,0.0,23.6,23.8,temperatura
2020-09-06,800,0.0,23.2,23.7,temperatura
2020-09-06,900,0.0,22.8,23.2,temperatura
2020-09-06,1000,0.0,22.5,22.8,temperatura
2020-09-06,1100,0.0,22.1,22.6,temperatura
2020-09-06,1200,0.0,24.1,24.1,temperatura
2020-09-06,1300,0.0,26.0,26.0,temperatura
2020-09-06,1400,0.0,28.6,28.6,temperatura
2020-09-06,1500,0.0,31.3,31.4,temperatura
2020-09-06,1600,0.0,33.5,33.5,temperatura
2020-09-06,1700,0.0,34.2,34.8,temperatura
2020-09-06,1800,0.0,34.7,34.7,temperatura
2020-09-06,1900,0.0,33.4,35.1,temperatura
2020-09-06,2000,0.0,31.9,33.4,temperatura
2020-09-06,2100,0.4,25.8,31.9,temperatura
2020-09-06,2200,0.0,24.6,25.8,temperatura
2020-09-06,2300,0.0,23.9,24.6,temperatura
2020-09-07,0,0.0,23.8,23.9,temperatura
2020-09-07,100,0.0,23.5,23.8,temperatura
2020-09-07,200,0.0,23.0,23.5,temperatura
2020-09-07,300,0.0,22.9,23.0,temperatura
2020-09-07,400,0.0,22.6,22.9,temperatura
2020-09-07,500,0.0,22.3,22.6,temperatura
2020-09-07,600,0.0,22.1,22.3,temperatura
2020-09-07,700,0.0,21.6,22.1,temperatura
2020-09-07,800,0.0,21.4,21.7,temperatura
2020-09-07,900,0.0,21.4,21.5,temperatura
2020-09-07,1000,0.0,21.2,21.4,temperatura
2020-09-07,1100,0.0,20.9,21.2,temperatura
2020-09-07,1200,0.0,23.3,23.3,temperatura
2020-09-07,1300,0.0,25.0,25.1,temperatura
2020-09-07,1400,0.0,28.4,28.4,temperatura
2020-09-07,1500,0.0,31.4,31.5,temperatura
2020-09-07,1600,0.0,33.2,33.4,temperatura
2020-09-07,1700,0.0,34.1,34.7,temperatura
2020-09-07,1800,0.0,35.1,35.2,temperatura
2020-09-07,1900,0.0,35.3,35.5,temperatura
2020-09-07,2000,0.0,34.7,35.3,temperatura
2020-09-07,2100,0.0,33.6,34.7,temperatura
2020-09-07,2200,0.0,32.0,33.6,temperatura
2020-09-07,2300,0.0,28.5,32.0,temperatura
2020-09-08,0,0.0,26.8,28.5,temperatura
2020-09-08,100,0.0,25.6,26.8,temperatura
2020-09-08,200,0.0,24.9,25.7,temperatura
2020-09-08,300,0.0,25.6,25.6,temperatura
2020-09-08,400,0.0,25.2,25.7,temperatura
2020-09-08,500,0.0,23.7,25.2,temperatura
2020-09-08,600,0.0,22.7,23.7,temperatura
2020-09-08,700,0.0,22.6,22.8,temperatura
2020-09-08,800,0.0,22.3,22.6,temperatura
2020-09-08,900,0.0,22.1,22.3,temperatura
2020-09-08,1000,0.0,22.0,22.1,temperatura
2020-09-08,1100,0.0,21.2,22.0,temperatura
2020-09-08,1200,0.0,23.1,23.1,temperatura
2020-09-08,1300,0.0,24.7,24.9,temperatura
2020-09-08,1400,0.0,28.5,28.5,temperatura
2020-09-08,1500,0.0,31.2,31.2,temperatura
2020-09-08,1600,0.0,32.4,32.6,temperatura
2020-09-08,1700,0.0,33.1,33.9,temperatura
2020-09-08,1800,0.0,33.9,34.4,temperatura
2020-09-08,1900,0.0,34.0,35.1,temperatura
2020-09-08,2000,0.0,34.6,34.7,temperatura
2020-09-08,2100,0.0,32.9,35.0,temperatura
2020-09-08,2200,0.0,31.1,33.1,temperatura
2020-09-08,2300,0.0,25.2,31.2,temperatura
2020-09-13,0,0.0,26.4,28.0,temperatura
2020-09-13,100,0.0,25.3,26.6,temperatura
2020-09-13,200,0.0,25.0,25.3,temperatura
2020-09-13,300,0.0,24.4,25.0,temperatura
2020-09-13,400,0.0,23.6,24.4,temperatura
2020-09-13,500,0.0,23.3,23.7,temperatura
2020-09-13,600,0.0,22.8,23.3,temperatura
2020-09-13,700,0.0,22.0,23.0,temperatura
2020-09-13,800,0.0,22.0,22.2,temperatura
2020-09-13,900,0.0,21.8,22.2,temperatura
2020-09-13,1000,0.0,21.9,21.9,temperatura
2020-09-13,1100,0.0,21.5,21.9,temperatura
2020-09-13,1200,0.0,23.7,23.7,temperatura
2020-09-13,1300,0.0,26.2,26.2,temperatura
2020-09-13,1400,0.0,30.2,30.2,temperatura
2020-09-13,1500,0.0,32.6,32.7,temperatura
2020-09-13,1600,0.0,34.8,34.8,temperatura
2020-09-13,1700,0.0,34.7,35.6,temperatura
2020-09-13,1800,0.0,35.8,36.3,temperatura
2020-09-13,1900,0.0,32.7,35.8,temperatura
2020-09-13,2000,0.0,33.6,34.1,temperatura
2020-09-13,2100,0.0,32.3,33.7,temperatura
2020-09-13,2200,0.0,29.7,32.3,temperatura
2020-09-13,2300,0.0,27.8,29.7,temperatura
2020-09-14,0,0.0,27.2,27.8,temperatura
2020-09-14,100,1.0,25.4,27.3,temperatura
2020-09-14,200,0.0,25.4,25.4,temperatura
2020-09-14,300,0.0,24.9,25.4,temperatura
2020-09-14,400,0.0,24.2,24.9,temperatura
2020-09-14,500,0.0,23.8,24.3,temperatura
2020-09-14,600,0.0,23.1,23.8,temperatura
2020-09-14,700,0.0,23.0,23.3,temperatura
2020-09-14,800,0.0,23.0,23.0,temperatura
2020-09-14,900,0.0,22.5,23.0,temperatura
2020-09-14,1000,0.0,21.9,22.6,temperatura
2020-09-14,1100,0.2,22.0,22.0,temperatura
2020-09-14,1200,0.0,23.9,23.9,temperatura
2020-09-14,1300,0.0,25.7,25.8,temperatura
2020-09-14,1400,0.0,28.7,28.7,temperatura
2020-09-14,1500,0.0,31.3,31.4,temperatura
2020-09-14,1600,0.0,33.8,33.8,temperatura
2020-09-14,1700,0.0,34.5,35.0,temperatura
2020-09-14,1800,0.0,34.0,35.1,temperatura
2020-09-14,1900,0.0,35.5,35.8,temperatura
2020-09-14,2000,0.0,35.2,35.8,temperatura
2020-09-14,2100,0.0,33.2,35.2,temperatura
2020-09-14,2200,0.0,30.2,33.2,temperatura
2020-09-14,2300,0.0,28.4,30.2,temperatura
2020-09-18,0,0.0,26.2,28.3,temperatura
2020-09-18,100,0.0,25.4,26.2,temperatura
2020-09-18,200,0.0,24.9,25.4,temperatura
2020-09-18,300,0.0,24.2,25.0,temperatura
2020-09-18,400,0.0,23.8,24.2,temperatura
2020-09-18,500,0.0,23.4,23.8,temperatura
2020-09-18,600,0.0,23.3,23.4,temperatura
2020-09-18,700,0.0,22.7,23.4,temperatura
2020-09-18,800,0.0,22.6,22.8,temperatura
2020-09-18,900,0.0,22.1,22.8,temperatura
2020-09-18,1000,0.0,21.8,22.2,temperatura
2020-09-18,1100,0.0,21.9,22.0,temperatura
2020-09-18,1200,0.0,24.0,24.0,temperatura
2020-09-18,1300,0.0,25.7,25.7,temperatura
2020-09-18,1400,0.0,29.0,29.0,temperatura
2020-09-18,1500,0.0,31.4,31.4,temperatura
2020-09-18,1600,0.0,32.9,33.3,temperatura
2020-09-18,1700,0.0,34.3,34.3,temperatura
2020-09-18,1800,0.0,35.1,35.2,temperatura
2020-09-18,1900,0.0,30.3,35.5,temperatura
2020-09-18,2000,0.0,33.7,33.9,temperatura
2020-09-18,2100,0.0,33.6,34.7,temperatura
2020-09-18,2200,0.0,31.3,34.1,temperatura
2020-09-18,2300,0.0,28.4,31.3,temperatura
2020-09-19,0,0.0,26.2,28.4,temperatura
2020-09-19,100,0.0,25.4,26.2,temperatura
2020-09-19,200,0.0,24.8,25.5,temperatura
2020-09-19,300,0.0,24.7,24.9,temperatura
2020-09-19,400,0.0,24.7,24.9,temperatura
2020-09-19,500,0.0,24.0,24.7,temperatura
2020-09-19,600,0.0,22.9,24.0,temperatura
2020-09-19,700,0.0,22.5,23.0,temperatura
2020-09-19,800,0.0,22.2,22.7,temperatura
2020-09-19,900,0.0,22.4,22.7,temperatura
2020-09-19,1000,0.0,22.0,22.4,temperatura
2020-09-19,1100,0.0,22.0,22.2,temperatura
2020-09-19,1200,0.0,23.4,23.4,temperatura
2020-09-19,1300,0.0,25.7,25.7,temperatura
2020-09-19,1400,0.0,28.5,28.5,temperatura
2020-09-19,1500,0.0,30.9,31.0,temperatura
2020-09-19,1600,0.0,33.1,33.1,temperatura
2020-09-19,1700,0.0,32.5,33.8,temperatura
2020-09-19,1800,0.0,34.2,35.0,temperatura
2020-09-19,1900,0.0,35.0,35.1,temperatura
2020-09-19,2000,0.0,34.8,35.4,temperatura
2020-09-19,2100,0.0,34.5,35.1,temperatura
2020-09-19,2200,0.0,33.3,34.5,temperatura
2020-09-19,2300,0.0,28.9,33.2,temperatura
2020-09-24,0,0.0,25.5,28.6,temperatura
2020-09-24,100,0.0,24.0,25.5,temperatura
2020-09-24,200,0.0,23.6,24.0,temperatura
2020-09-24,300,0.0,23.4,23.7,temperatura
2020-09-24,400,0.0,22.8,23.4,temperatura
2020-09-24,500,0.0,22.6,22.8,temperatura
2020-09-24,600,0.0,22.2,22.6,temperatura
2020-09-24,700,0.0,21.7,22.2,temperatura
2020-09-24,800,0.0,21.5,21.9,temperatura
2020-09-24,900,0.0,21.3,21.7,temperatura
2020-09-24,1000,0.0,21.1,21.3,temperatura
2020-09-24,1100,0.0,21.5,21.5,temperatura
2020-09-24,1200,0.0,23.6,23.6,temperatura
2020-09-24,1300,0.0,25.7,25.8,temperatura
2020-09-24,1400,0.0,28.3,28.3,temperatura
2020-09-24,1500,0.0,30.3,30.7,temperatura
2020-09-24,1600,0.0,32.5,32.5,temperatura
2020-09-24,1700,0.0,33.2,33.2,temperatura
2020-09-24,1800,0.0,33.5,34.2,temperatura
2020-09-24,1900,0.0,34.8,35.2,temperatura
2020-09-24,2000,0.0,34.7,35.0,temperatura
2020-09-24,2100,0.0,32.1,34.8,temperatura
2020-09-24,2200,1.4,26.6,32.1,temperatura
2020-09-24,2300,0.0,25.4,26.6,temperatura
2020-09-27,0,0.0,25.6,26.1,temperatura
2020-09-27,100,0.0,24.7,25.6,temperatura
2020-09-27,200,0.0,24.1,24.7,temperatura
2020-09-27,300,0.0,23.3,24.1,temperatura
2020-09-27,400,0.0,23.1,23.3,temperatura
2020-09-27,500,0.0,22.8,23.1,temperatura
2020-09-27,600,0.0,22.2,22.8,temperatura
2020-09-27,700,0.0,22.2,22.5,temperatura
2020-09-27,800,0.0,21.9,22.2,temperatura
2020-09-27,900,0.0,21.5,22.0,temperatura
2020-09-27,1000,0.0,21.3,21.6,temperatura
2020-09-27,1100,0.0,21.4,21.4,temperatura
2020-09-27,1200,0.0,24.0,24.0,temperatura
2020-09-27,1300,0.0,27.6,27.6,temperatura
2020-09-27,1400,0.0,29.8,29.8,temperatura
2020-09-27,1500,0.0,32.1,32.5,temperatura
2020-09-27,1600,0.0,33.8,33.8,temperatura
2020-09-27,1700,0.0,34.3,34.4,temperatura
2020-09-27,1800,0.0,33.7,34.9,temperatura
2020-09-27,1900,0.0,34.4,35.3,temperatura
2020-09-27,2000,0.0,34.5,35.3,temperatura
2020-09-27,2100,0.0,33.2,34.7,temperatura
2020-09-27,2200,0.0,32.5,33.5,temperatura
2020-09-27,2300,0.0,28.2,32.5,temperatura
2020-09-28,0,0.0,25.8,28.2,temperatura
2020-09-28,100,0.0,24.8,25.8,temperatura
2020-09-28,200,0.0,24.4,24.8,temperatura
2020-09-28,300,0.0,23.4,24.4,temperatura
2020-09-28,400,0.0,23.1,23.5,temperatura
2020-09-28,500,0.0,22.7,23.1,temperatura
2020-09-28,600,0.0,22.3,23.0,temperatura
2020-09-28,700,0.0,21.9,22.3,temperatura
2020-09-28,800,0.0,21.7,22.0,temperatura
2020-09-28,900,0.0,21.3,21.8,temperatura
2020-09-28,1000,0.0,21.0,21.3,temperatura
2020-09-28,1100,0.0,21.6,21.6,temperatura
2020-09-28,1200,0.0,24.3,24.3,temperatura
2020-09-28,1300,0.0,27.1,27.1,temperatura
2020-09-28,1400,0.0,29.7,29.9,temperatura
2020-09-28,1500,0.0,32.2,32.5,temperatura
2020-09-28,1600,0.0,33.1,33.4,temperatura
2020-09-28,1700,0.0,34.3,34.6,temperatura
2020-09-28,1800,0.0,35.3,35.5,temperatura
2020-09-28,1900,0.0,35.4,35.9,temperatura
2020-09-28,2000,0.0,34.4,35.7,temperatura
2020-09-28,2100,0.0,31.6,34.9,temperatura
2020-09-28,2200,0.0,29.7,31.6,temperatura
2020-09-28,2300,0.0,27.9,29.7,temperatura
2020-10-02,0,0.0,23.8,23.9,temperatura
2020-10-02,100,0.0,23.4,23.8,temperatura
2020-10-02,200,0.0,23.2,23.5,temperatura
2020-10-02,300,0.0,22.4,23.2,temperatura
2020-10-02,400,0.0,22.7,22.7,temperatura
2020-10-02,500,0.0,22.2,22.7,temperatura
2020-10-02,600,0.0,21.5,22.2,temperatura
2020-10-02,700,0.0,21.1,21.5,temperatura
2020-10-02,800,0.0,21.1,21.4,temperatura
2020-10-02,900,0.0,21.3,21.3,temperatura
2020-10-02,1000,0.0,20.7,21.3,temperatura
2020-10-02,1100,0.0,20.8,20.8,temperatura
2020-10-02,1200,0.0,23.1,23.1,temperatura
2020-10-02,1300,0.0,25.6,25.6,temperatura
2020-10-02,1400,0.0,28.8,28.8,temperatura
2020-10-02,1500,0.0,30.4,30.8,temperatura
2020-10-02,1600,0.0,32.8,32.8,temperatura
2020-10-02,1700,0.0,33.6,34.1,temperatura
2020-10-02,1800,0.0,33.8,35.1,temperatura
2020-10-02,1900,0.0,34.4,35.1,temperatura
2020-10-02,2000,0.0,34.7,35.1,temperatura
2020-10-02,2100,0.0,33.2,35.0,temperatura
2020-10-02,2200,0.0,31.8,33.1,temperatura
2020-10-02,2300,0.0,28.9,31.9,temperatura
2020-10-09,0,0.0,26.7,28.3,temperatura
2020-10-09,100,0.0,25.4,26.8,temperatura
2020-10-09,200,0.0,24.9,25.4,temperatura
2020-10-09,300,0.0,24.4,24.9,temperatura
2020-10-09,400,0.0,24.2,24.4,temperatura
2020-10-09,500,0.0,24.8,25.0,temperatura
2020-10-09,600,0.0,24.3,24.9,temperatura
2020-10-09,700,0.0,23.6,24.3,temperatura
2020-10-09,800,0.0,23.1,23.7,temperatura
2020-10-09,900,0.0,22.7,23.1,temperatura
2020-10-09,1000,0.0,22.0,22.7,temperatura
2020-10-09,1100,0.0,22.6,22.6,temperatura
2020-10-09,1200,0.0,24.4,24.5,temperatura
2020-10-09,1300,0.0,27.2,27.2,temperatura
2020-10-09,1400,0.0,29.3,29.3,temperatura
2020-10-09,1500,0.0,31.1,31.2,temperatura
2020-10-09,1600,0.0,33.4,33.4,temperatura
2020-10-09,1700,0.0,33.4,33.9,temperatura
2020-10-09,1800,0.0,34.5,34.7,temperatura
2020-10-09,1900,0.0,34.8,35.2,temperatura
2020-10-09,2000,0.0,34.7,35.4,temperatura
2020-10-09,2100,0.0,32.7,34.7,temperatura
2020-10-09,2200,0.0,32.5,33.3,temperatura
2020-10-09,2300,0.0,28.0,32.5,temperatura
2020-10-10,0,0.0,26.3,27.9,temperatura
2020-10-10,100,0.0,24.9,26.3,temperatura
2020-10-10,200,0.0,24.6,25.1,temperatura
2020-10-10,300,0.0,24.1,24.7,temperatura
2020-10-10,400,0.0,23.5,24.1,temperatura
2020-10-10,500,0.0,22.9,23.5,temperatura
2020-10-10,600,0.0,22.3,22.9,temperatura
2020-10-10,700,0.0,22.3,22.5,temperatura
2020-10-10,800,0.0,21.8,22.3,temperatura
2020-10-10,900,0.0,21.3,21.9,temperatura
2020-10-10,1000,0.0,21.1,21.8,temperatura
2020-10-10,1100,0.0,22.0,22.0,temperatura
2020-10-10,1200,0.0,24.1,24.1,temperatura
2020-10-10,1300,0.0,27.6,27.6,temperatura
2020-10-10,1400,0.0,30.4,30.4,temperatura
2020-10-10,1500,0.0,32.2,32.4,temperatura
2020-10-10,1600,0.0,33.6,33.7,temperatura
2020-10-10,1700,0.0,35.0,35.2,temperatura
2020-10-10,1800,0.0,34.8,35.4,temperatura
2020-10-10,1900,0.0,34.6,35.4,temperatura
2020-10-10,2000,0.0,35.3,35.6,temperatura
2020-10-10,2100,0.0,34.4,36.1,temperatura
2020-10-10,2200,0.0,33.2,34.7,temperatura
2020-10-10,2300,0.0,28.2,33.2,temperatura
2020-10-11,0,0.0,26.1,28.2,temperatura
2020-10-11,100,0.0,25.3,26.1,temperatura
2020-10-11,200,0.0,24.7,25.3,temperatura
2020-10-11,300,0.0,24.1,24.7,temperatura
2020-10-11,400,0.0,23.3,24.1,temperatura
2020-10-11,500,0.0,22.8,23.3,temperatura
2020-10-11,600,0.0,22.3,23.0,temperatura
2020-10-11,700,0.0,22.3,22.5,temperatura
2020-10-11,800,0.0,21.9,22.3,temperatura
2020-10-11,900,0.0,21.4,21.8,temperatura
2020-10-11,1000,0.0,21.0,21.5,temperatura
2020-10-11,1100,0.0,21.7,21.7,temperatura
2020-10-11,1200,0.0,24.5,24.6,temperatura
2020-10-11,1300,0.0,27.7,27.7,temperatura
2020-10-11,1400,0.0,30.8,30.8,temperatura
2020-10-11,1500,0.0,33.1,33.2,temperatura
2020-10-11,1600,0.0,33.7,34.2,temperatura
2020-10-11,1700,0.0,34.4,35.5,temperatura
2020-10-11,1800,0.0,35.2,35.9,temperatura
2020-10-11,1900,0.0,35.5,36.6,temperatura
2020-10-11,2000,0.0,35.2,36.2,temperatura
2020-10-11,2100,0.0,35.0,35.5,temperatura
2020-10-11,2200,0.0,32.9,35.0,temperatura
2020-10-11,2300,0.0,29.5,32.9,temperatura
2020-10-12,0,0.0,27.2,29.5,temperatura
2020-10-12,100,0.0,25.9,27.2,temperatura
2020-10-12,200,0.0,25.1,25.9,temperatura
2020-10-12,300,0.0,24.4,25.1,temperatura
2020-10-12,400,0.0,23.8,24.4,temperatura
2020-10-12,500,0.0,23.6,23.9,temperatura
2020-10-12,600,0.0,23.3,23.7,temperatura
2020-10-12,700,0.0,22.9,23.4,temperatura
2020-10-12,800,0.0,22.4,22.9,temperatura
2020-10-12,900,0.0,22.5,22.6,temperatura
2020-10-12,1000,0.0,21.9,22.5,temperatura
2020-10-12,1100,0.0,22.5,22.5,temperatura
2020-10-12,1200,0.0,25.0,25.1,temperatura
2020-10-12,1300,0.0,28.3,28.4,temperatura
2020-10-12,1400,0.0,31.7,31.7,temperatura
2020-10-12,1500,0.0,33.2,33.2,temperatura
2020-10-12,1600,0.0,34.4,34.5,temperatura
2020-10-12,1700,0.0,34.9,35.8,temperatura
2020-10-12,1800,0.0,34.4,35.7,temperatura
2020-10-12,1900,0.0,35.4,35.7,temperatura
2020-10-12,2000,0.0,35.2,36.0,temperatura
2020-10-12,2100,0.0,33.8,35.2,temperatura
2020-10-12,2200,0.0,32.4,33.8,temperatura
2020-10-12,2300,0.0,28.5,32.4,temperatura
2020-10-13,0,0.0,26.3,28.5,temperatura
2020-10-13,100,0.0,25.9,26.3,temperatura
2020-10-13,200,0.0,25.1,25.9,temperatura
2020-10-13,300,0.0,24.5,25.1,temperatura
2020-10-13,400,0.0,24.2,24.5,temperatura
2020-10-13,500,0.0,23.7,24.1,temperatura
2020-10-13,600,0.0,23.7,23.7,temperatura
2020-10-13,700,0.0,22.8,23.7,temperatura
2020-10-13,800,0.0,22.9,23.0,temperatura
2020-10-13,900,0.0,23.0,23.3,temperatura
2020-10-13,1000,0.0,22.3,23.0,temperatura
2020-10-13,1100,0.0,22.8,22.9,temperatura
2020-10-13,1200,0.0,24.8,24.8,temperatura
2020-10-13,1300,0.0,28.2,28.2,temperatura
2020-10-13,1400,0.0,30.3,30.5,temperatura
2020-10-13,1500,0.0,32.8,32.9,temperatura
2020-10-13,1600,0.0,33.6,33.8,temperatura
2020-10-13,1700,0.0,33.9,34.7,temperatura
2020-10-13,1800,0.0,34.3,35.4,temperatura
2020-10-13,1900,0.0,35.1,35.4,temperatura
2020-10-13,2000,0.0,35.4,35.4,temperatura
2020-10-13,2100,0.0,31.7,35.4,temperatura
2020-10-13,2200,0.0,29.1,31.7,temperatura
2020-10-13,2300,0.0,26.9,29.1,temperatura
2020-10-25,0,0.0,26.2,28.0,temperatura
2020-10-25,100,0.0,25.6,26.2,temperatura
2020-10-25,200,0.0,25.0,25.6,temperatura
2020-10-25,300,0.0,24.4,25.0,temperatura
2020-10-25,400,0.0,24.2,24.5,temperatura
2020-10-25,500,0.0,23.8,24.2,temperatura
2020-10-25,600,0.0,23.6,23.8,temperatura
2020-10-25,700,0.0,23.5,23.6,temperatura
2020-10-25,800,0.0,23.0,23.5,temperatura
2020-10-25,900,0.0,22.7,23.1,temperatura
2020-10-25,1000,0.0,22.6,22.7,temperatura
2020-10-25,1100,0.0,23.1,23.1,temperatura
2020-10-25,1200,0.0,25.0,25.0,temperatura
2020-10-25,1300,0.0,28.0,28.0,temperatura
2020-10-25,1400,0.0,30.6,30.6,temperatura
2020-10-25,1500,0.0,32.2,32.4,temperatura
2020-10-25,1600,0.0,33.3,33.3,temperatura
2020-10-25,1700,0.0,33.9,34.6,temperatura
2020-10-25,1800,0.0,34.6,34.6,temperatura
2020-10-25,1900,0.0,33.3,35.0,temperatura
2020-10-25,2000,0.0,35.0,35.2,temperatura
2020-10-25,2100,0.0,33.9,35.3,temperatura
2020-10-25,2200,0.0,27.9,34.0,temperatura
2020-10-25,2300,0.0,26.3,27.9,temperatura
2020-11-05,0,0.0,26.8,28.9,temperatura
2020-11-05,100,0.0,25.8,26.8,temperatura
2020-11-05,200,0.0,25.4,25.9,temperatura
2020-11-05,300,0.0,24.9,25.6,temperatura
2020-11-05,400,0.0,24.8,25.1,temperatura
2020-11-05,500,0.0,24.4,24.8,temperatura
2020-11-05,600,0.0,24.0,24.5,temperatura
2020-11-05,700,0.0,23.8,24.3,temperatura
2020-11-05,800,0.0,23.8,23.9,temperatura
2020-11-05,900,0.0,23.6,23.8,temperatura
2020-11-05,1000,0.0,23.2,23.6,temperatura
2020-11-05,1100,0.0,23.6,23.6,temperatura
2020-11-05,1200,0.0,25.3,25.3,temperatura
2020-11-05,1300,0.0,27.2,27.2,temperatura
2020-11-05,1400,0.0,29.8,30.0,temperatura
2020-11-05,1500,0.0,32.1,32.1,temperatura
2020-11-05,1600,0.0,33.6,33.6,temperatura
2020-11-05,1700,0.0,34.8,35.0,temperatura
2020-11-05,1800,0.0,34.8,35.6,temperatura
2020-11-05,1900,0.0,35.5,35.6,temperatura
2020-11-05,2000,0.0,35.0,35.9,temperatura
2020-11-05,2100,2.6,26.7,35.2,temperatura
2020-11-05,2200,4.6,24.7,26.6,temperatura
2020-11-05,2300,0.0,24.8,24.9,temperatura
2020-11-25,0,0.0,24.8,25.1,temperatura
2020-11-25,100,0.0,24.5,24.9,temperatura
2020-11-25,200,0.0,24.3,24.6,temperatura
2020-11-25,300,0.0,24.2,24.3,temperatura
2020-11-25,400,0.0,24.0,24.2,temperatura
2020-11-25,500,0.0,24.0,24.1,temperatura
2020-11-25,600,0.0,23.7,24.0,temperatura
2020-11-25,700,0.0,23.5,23.7,temperatura
2020-11-25,800,0.0,22.9,23.5,temperatura
2020-11-25,900,0.0,23.0,23.1,temperatura
2020-11-25,1000,0.0,22.6,23.0,temperatura
2020-11-25,1100,0.0,23.3,23.3,temperatura
2020-11-25,1200,0.0,25.1,25.1,temperatura
2020-11-25,1300,0.0,27.7,27.8,temperatura
2020-11-25,1400,0.0,30.2,30.3,temperatura
2020-11-25,1500,0.0,31.8,31.9,temperatura
2020-11-25,1600,0.0,32.1,32.2,temperatura
2020-11-25,1700,0.0,33.8,33.8,temperatura
2020-11-25,1800,0.0,33.8,34.7,temperatura
2020-11-25,1900,0.0,34.5,34.9,temperatura
2020-11-25,2000,0.0,34.8,35.1,temperatura
2020-11-25,2100,0.0,34.2,34.9,temperatura
2020-11-25,2200,0.0,33.2,34.6,temperatura
2020-11-25,2300,0.0,30.7,33.2,temperatura
2009-10-28,0,0.0,27.4,29.8,precipitacao
2009-10-28,100,0.0,26.9,27.6,precipitacao
2009-10-28,200,0.0,25.7,26.9,precipitacao
2009-10-28,300,0.0,25.1,25.9,precipitacao
2009-10-28,400,0.0,25.7,25.7,precipitacao
2009-10-28,500,0.0,25.4,25.8,precipitacao
2009-10-28,600,0.0,24.6,25.4,precipitacao
2009-10-28,700,0.0,24.2,24.7,precipitacao
2009-10-28,800,0.0,24.4,24.6,precipitacao
2009-10-28,900,0.0,24.2,24.5,precipitacao
2009-10-28,1000,0.2,24.3,24.5,precipitacao
2009-10-28,1100,17.0,23.4,24.4,precipitacao
2009-10-28,1200,18.4,23.0,23.4,precipitacao
2009-10-28,1300,15.0,22.6,23.2,precipitacao
2009-10-28,1400,10.0,23.0,23.0,precipitacao
2009-10-28,1500,3.2,23.3,23.3,precipitacao
2009-10-28,1600,0.8,23.8,23.8,precipitacao
2009-10-28,1700,0.4,24.5,24.6,precipitacao
2009-10-28,1800,0.0,26.2,26.2,precipitacao
2009-10-28,1900,0.0,27.2,27.6,precipitacao
2009-10-28,2000,0.0,28.1,28.2,precipitacao
2009-10-28,2100,0.0,27.8,28.5,precipitacao
2009-10-28,2200,0.0,26.8,27.8,precipitacao
2009-10-28,2300,0.0,24.8,26.8,precipitacao
2009-12-13,0,0.0,24.5,25.4,precipitacao
2009-12-13,100,0.6,24.0,24.5,precipitacao
2009-12-13,200,0.0,23.8,24.0,precipitacao
2009-12-13,300,0.0,23.7,23.8,precipitacao
2009-12-13,400,0.0,23.5,23.7,precipitacao
2009-12-13,500,0.0,23.7,23.7,precipitacao
2009-12-13,600,0.0,23.6,23.7,precipitacao
2009-12-13,700,0.0,23.7,23.7,precipitacao
2009-12-13,800,11.6,23.1,23.8,precipitacao
2009-12-13,900,19.8,23.0,23.1,precipitacao
2009-12-13,1000,5.6,23.0,23.1,precipitacao
2009-12-13,1100,7.4,23.0,23.0,precipitacao
2009-12-13,1200,0.4,23.6,23.6,precipitacao
2009-12-13,1300,0.0,24.5,24.5,precipitacao
2009-12-13,1400,0.0,25.4,25.5,precipitacao
2009-12-13,1500,0.0,26.9,27.1,precipitacao
2009-12-13,1600,0.0,27.6,28.3,precipitacao
2009-12-13,1700,0.0,28.5,29.2,precipitacao
2009-12-13,1800,0.0,28.2,29.4,precipitacao
2009-12-13,1900,2.2,27.1,28.6,precipitacao
2009-12-13,2000,0.0,26.4,27.1,precipitacao
2009-12-13,2100,21.4,24.1,26.4,precipitacao
2009-12-13,2200,6.4,24.2,24.2,precipitacao
2009-12-13,2300,0.4,24.4,24.4,precipitacao
2009-12-26,0,0.0,25.9,28.1,precipitacao
2009-12-26,100,0.0,25.8,26.1,precipitacao
2009-12-26,200,0.0,25.7,25.8,precipitacao
2009-12-26,300,0.0,25.0,25.8,precipitacao
2009-12-26,400,0.0,25.1,25.1,precipitacao
2009-12-26,500,0.0,24.4,25.2,precipitacao
2009-12-26,600,0.0,24.1,24.4,precipitacao
2009-12-26,700,0.0,24.0,24.4,precipitacao
2009-12-26,800,1.4,24.2,24.8,precipitacao
2009-12-26,900,46.0,22.5,24.2,precipitacao
2009-12-26,1000,12.8,22.6,22.7,precipitacao
2009-12-26,1100,4.2,22.7,22.7,precipitacao
2009-12-26,1200,4.6,23.1,23.1,precipitacao
2009-12-26,1300,1.0,23.4,23.5,precipitacao
2009-12-26,1400,0.2,23.6,23.7,precipitacao
2009-12-26,1500,0.0,24.0,24.1,precipitacao
2009-12-26,1600,0.0,24.4,24.5,precipitacao
2009-12-26,1700,0.0,25.3,25.3,precipitacao
2009-12-26,1800,0.0,26.0,26.1,precipitacao
2009-12-26,1900,0.0,27.5,27.6,precipitacao
2009-12-26,2000,0.0,28.4,28.9,precipitacao
2009-12-26,2100,0.0,29.4,29.6,precipitacao
2009-12-26,2200,0.0,29.3,29.8,precipitacao
2009-12-26,2300,0.0,25.7,29.2,precipitacao
2010-12-22,0,0.0,24.9,25.8,precipitacao
2010-12-22,100,0.0,24.6,25.0,precipitacao
2010-12-22,200,0.4,24.1,24.7,precipitacao
2010-12-22,300,0.2,24.3,24.3,precipitacao
2010-12-22,400,11.8,23.1,24.3,precipitacao
2010-12-22,500,38.4,22.9,23.3,precipitacao
2010-12-22,600,21.8,22.5,23.0,precipitacao
2010-12-22,700,15.4,22.3,22.5,precipitacao
2010-12-22,800,7.2,22.2,22.4,precipitacao
2010-12-22,900,4.4,22.3,22.3,precipitacao
2010-12-22,1000,7.0,22.1,22.3,precipitacao
2010-12-22,1100,2.2,22.0,22.1,precipitacao
2010-12-22,1200,1.2,22.2,22.3,precipitacao
2010-12-22,1300,0.4,23.4,23.4,precipitacao
2010-12-22,1400,0.0,24.9,24.9,precipitacao
2010-12-22,1500,0.0,24.9,25.1,precipitacao
2010-12-22,1600,0.0,25.6,25.6,precipitacao
2010-12-22,1700,0.0,26.1,26.4,precipitacao
2010-12-22,1800,0.0,26.1,26.5,precipitacao
2010-12-22,1900,0.0,26.6,26.9,precipitacao
2010-12-22,2000,0.0,26.7,27.2,precipitacao
2010-12-22,2100,0.0,26.7,26.8,precipitacao
2010-12-22,2200,0.0,26.1,26.9,precipitacao
2010-12-22,2300,0.0,25.7,26.1,precipitacao
2011-12-06,0,0.0,25.7,26.9,precipitacao
2011-12-06,100,57.6,22.8,25.7,precipitacao
2011-12-06,200,6.6,23.1,23.2,precipitacao
2011-12-06,300,5.0,22.9,23.2,precipitacao
2011-12-06,400,2.0,22.9,23.0,precipitacao
2011-12-06,500,0.0,22.8,23.0,precipitacao
2011-12-06,600,0.0,22.7,22.8,precipitacao
2011-12-06,700,0.0,23.1,23.1,precipitacao
2011-12-06,800,0.0,22.9,23.1,precipitacao
2011-12-06,900,0.0,23.0,23.0,precipitacao
2011-12-06,1000,0.0,23.3,23.3,precipitacao
2011-12-06,1100,0.0,23.4,23.4,precipitacao
2011-12-06,1200,0.0,23.9,23.9,precipitacao
2011-12-06,1300,0.0,24.2,24.3,precipitacao
2011-12-06,1400,0.0,25.3,25.3,precipitacao
2011-12-06,1500,0.2,25.5,25.7,precipitacao
2011-12-06,1600,0.0,26.5,26.5,precipitacao
2011-12-06,1700,0.0,27.1,27.5,precipitacao
2011-12-06,1800,0.0,27.0,27.2,precipitacao
2011-12-06,1900,0.0,28.6,28.6,precipitacao
2011-12-06,2000,0.0,29.4,29.6,precipitacao
2011-12-06,2100,0.0,29.2,29.8,precipitacao
2011-12-06,2200,0.0,28.7,29.4,precipitacao
2011-12-06,2300,0.0,26.0,28.7,precipitacao
2011-12-19,0,0.6,24.1,24.4,precipitacao
2011-12-19,100,0.2,24.2,24.3,precipitacao
2011-12-19,200,0.2,24.3,24.3,precipitacao
2011-12-19,300,0.4,24.4,24.4,precipitacao
2011-12-19,400,8.8,23.5,24.5,precipitacao
2011-12-19,500,30.4,21.8,23.5,precipitacao
2011-12-19,600,7.4,21.6,21.9,precipitacao
2011-12-19,700,8.0,21.5,21.6,precipitacao
2011-12-19,800,2.4,21.5,21.5,precipitacao
2011-12-19,900,0.4,21.5,21.6,precipitacao
2011-12-19,1000,0.2,21.6,21.7,precipitacao
2011-12-19,1100,0.2,21.7,21.8,precipitacao
2011-12-19,1200,0.0,22.0,22.1,precipitacao
2011-12-19,1300,0.0,22.6,22.6,precipitacao
2011-12-19,1400,0.0,23.4,23.5,precipitacao
2011-12-19,1500,0.0,24.3,24.5,precipitacao
2011-12-19,1600,0.0,24.6,25.0,precipitacao
2011-12-19,1700,0.0,25.5,25.5,precipitacao
2011-12-19,1800,0.0,26.2,26.5,precipitacao
2011-12-19,1900,0.0,25.9,27.2,precipitacao
2011-12-19,2000,0.0,25.8,26.1,precipitacao
2011-12-19,2100,0.0,24.7,25.8,precipitacao
2011-12-19,2200,0.0,24.4,24.8,precipitacao
2011-12-19,2300,0.0,23.8,24.6,precipitacao
2012-11-20,0,0.0,25.3,25.6,precipitacao
2012-11-20,100,0.0,25.0,25.4,precipitacao
2012-11-20,200,3.2,24.6,25.1,precipitacao
2012-11-20,300,35.8,24.0,24.7,precipitacao
2012-11-20,400,20.0,23.8,24.0,precipitacao
2012-11-20,500,2.0,24.0,24.0,precipitacao
2012-11-20,600,0.6,24.0,24.0,precipitacao
2012-11-20,700,0.0,23.9,24.0,precipitacao
2012-11-20,800,0.2,23.8,24.0,precipitacao
2012-11-20,900,0.0,23.9,24.0,precipitacao
2012-11-20,1000,0.0,24.0,24.0,precipitacao
2012-11-20,1100,0.2,24.2,24.2,precipitacao
2012-11-20,1200,0.0,24.8,24.8,precipitacao
2012-11-20,1300,0.0,25.7,25.7,precipitacao
2012-11-20,1400,0.0,26.3,26.3,precipitacao
2012-11-20,1500,0.0,26.7,26.9,precipitacao
2012-11-20,1600,0.0,27.3,27.5,precipitacao
2012-11-20,1700,0.2,28.8,29.0,precipitacao
2012-11-20,1800,8.6,24.3,30.1,precipitacao
2012-11-20,1900,5.6,26.0,26.0,precipitacao
2012-11-20,2000,10.0,23.4,26.1,precipitacao
2012-11-20,2100,0.4,23.3,23.4,precipitacao
2012-11-20,2200,0.2,23.4,23.4,precipitacao
2012-11-20,2300,0.2,23.3,23.5,precipitacao
2012-12-05,0,13.4,22.9,22.9,precipitacao
2012-12-05,100,8.8,23.1,23.2,precipitacao
2012-12-05,200,4.4,23.1,23.2,precipitacao
2012-12-05,300,0.2,23.1,23.1,precipitacao
2012-12-05,400,0.0,23.1,23.1,precipitacao
2012-12-05,500,0.0,23.1,23.1,precipitacao
2012-12-05,600,0.2,23.0,23.1,precipitacao
2012-12-05,700,0.0,23.2,23.2,precipitacao
2012-12-05,800,13.4,22.7,23.2,precipitacao
2012-12-05,900,0.2,22.9,22.9,precipitacao
2012-12-05,1000,2.2,23.0,23.2,precipitacao
2012-12-05,1100,8.2,23.1,23.1,precipitacao
2012-12-05,1200,14.8,23.0,23.2,precipitacao
2012-12-05,1300,2.0,23.0,23.0,precipitacao
2012-12-05,1400,0.2,23.2,23.3,precipitacao
2012-12-05,1500,0.2,23.3,23.4,precipitacao
2012-12-05,1600,0.2,23.4,23.5,precipitacao
2012-12-05,1700,0.0,23.8,23.9,precipitacao
2012-12-05,1800,0.0,24.9,24.9,precipitacao
2012-12-05,1900,0.0,25.6,25.9,precipitacao
2012-12-05,2000,0.0,25.8,26.1,precipitacao
2012-12-05,2100,0.0,25.5,25.9,precipitacao
2012-12-05,2200,0.0,25.0,25.5,precipitacao
2012-12-05,2300,0.0,24.2,24.9,precipitacao
2012-12-21,0,37.4,22.9,25.3,precipitacao
2012-12-21,100,10.4,23.0,23.2,precipitacao
2012-12-21,200,0.0,23.1,23.2,precipitacao
2012-12-21,300,0.0,23.1,23.2,precipitacao
2012-12-21,400,0.0,23.2,23.2,precipitacao
2012-12-21,500,0.0,23.3,23.3,precipitacao
2012-12-21,600,0.0,23.4,23.5,precipitacao
2012-12-21,700,0.0,23.5,23.5,precipitacao
2012-12-21,800,0.0,23.2,23.5,precipitacao
2012-12-21,900,0.0,23.3,23.3,precipitacao
2012-12-21,1000,0.2,23.3,23.3,precipitacao
2012-12-21,1100,0.2,23.4,23.4,precipitacao
2012-12-21,1200,0.0,24.0,24.0,precipitacao
2012-12-21,1300,0.0,26.2,26.3,precipitacao
2012-12-21,1400,0.0,26.9,27.0,precipitacao
2012-12-21,1500,0.0,27.2,27.4,precipitacao
2012-12-21,1600,0.8,27.1,27.2,precipitacao
2012-12-21,1700,2.0,26.6,28.4,precipitacao
2012-12-21,1800,12.2,23.4,26.6,precipitacao
2012-12-21,1900,2.6,23.6,24.5,precipitacao
2012-12-21,2000,21.4,22.5,23.6,precipitacao
2012-12-21,2100,7.4,22.0,22.5,precipitacao
2012-12-21,2200,3.0,22.0,22.1,precipitacao
2012-12-21,2300,0.4,22.1,22.1,precipitacao
2013-01-22,0,2.0,23.7,24.9,precipitacao
2013-01-22,100,2.0,23.5,23.8,precipitacao
2013-01-22,200,0.2,23.3,23.5,precipitacao
2013-01-22,300,0.0,23.2,23.3,precipitacao
2013-01-22,400,0.0,23.1,23.2,precipitacao
2013-01-22,500,0.0,23.1,23.1,precipitacao
2013-01-22,600,0.0,23.0,23.1,precipitacao
2013-01-22,700,0.0,23.0,23.1,precipitacao
2013-01-22,800,0.0,23.0,23.0,precipitacao
2013-01-22,900,0.0,22.9,23.0,precipitacao
2013-01-22,1000,0.0,22.9,23.0,precipitacao
2013-01-22,1100,0.2,23.0,23.1,precipitacao
2013-01-22,1200,0.0,23.2,23.3,precipitacao
2013-01-22,1300,0.2,23.4,23.5,precipitacao
2013-01-22,1400,4.6,23.5,23.5,precipitacao
2013-01-22,1500,16.0,23.4,23.5,precipitacao
2013-01-22,1600,19.6,22.8,23.4,precipitacao
2013-01-22,1700,5.6,23.2,23.3,precipitacao
2013-01-22,1800,3.2,23.2,23.4,precipitacao
2013-01-22,1900,1.4,23.5,23.6,precipitacao
2013-01-22,2000,0.0,24.1,24.1,precipitacao
2013-01-22,2100,0.2,24.1,24.4,precipitacao
2013-01-22,2200,0.0,24.1,24.4,precipitacao
2013-01-22,2300,0.0,23.9,24.2,precipitacao
2013-01-27,0,0.0,24.9,25.2,precipitacao
2013-01-27,100,0.0,24.7,24.9,precipitacao
2013-01-27,200,0.0,24.5,24.7,precipitacao
2013-01-27,300,0.0,24.4,24.7,precipitacao
2013-01-27,400,0.0,24.7,24.7,precipitacao
2013-01-27,500,0.0,24.8,24.8,precipitacao
2013-01-27,600,0.0,24.7,24.9,precipitacao
2013-01-27,700,0.0,24.8,24.8,precipitacao
2013-01-27,800,0.0,24.8,24.8,precipitacao
2013-01-27,900,1.8,24.6,24.8,precipitacao
2013-01-27,1000,3.4,24.1,24.6,precipitacao
2013-01-27,1100,0.0,23.8,24.1,precipitacao
2013-01-27,1200,6.4,23.6,23.9,precipitacao
2013-01-27,1300,6.6,23.2,23.6,precipitacao
2013-01-27,1400,3.4,23.3,23.3,precipitacao
2013-01-27,1500,1.0,23.5,23.6,precipitacao
2013-01-27,1600,19.4,23.4,23.7,precipitacao
2013-01-27,1700,23.8,23.4,23.4,precipitacao
2013-01-27,1800,6.6,23.5,23.6,precipitacao
2013-01-27,1900,2.4,23.9,23.9,precipitacao
2013-01-27,2000,0.8,24.1,24.1,precipitacao
2013-01-27,2100,0.2,24.2,24.4,precipitacao
2013-01-27,2200,0.4,24.2,24.4,precipitacao
2013-01-27,2300,0.0,24.2,24.4,precipitacao
2013-03-08,0,0.0,24.7,24.8,precipitacao
2013-03-08,100,0.0,24.6,24.8,precipitacao
2013-03-08,200,0.0,24.5,24.8,precipitacao
2013-03-08,300,0.0,24.6,24.7,precipitacao
2013-03-08,400,0.0,24.4,24.6,precipitacao
2013-03-08,500,0.6,24.1,24.5,precipitacao
2013-03-08,600,11.4,23.1,24.1,precipitacao
2013-03-08,700,6.6,22.8,23.1,precipitacao
2013-03-08,800,5.2,22.8,22.9,precipitacao
2013-03-08,900,14.6,22.4,22.8,precipitacao
2013-03-08,1000,5.0,22.4,22.4,precipitacao
2013-03-08,1100,2.6,22.6,22.6,precipitacao
2013-03-08,1200,2.6,22.7,22.7,precipitacao
2013-03-08,1300,3.2,22.8,22.8,precipitacao
2013-03-08,1400,1.6,23.3,23.4,precipitacao
2013-03-08,1500,0.0,24.7,24.7,precipitacao
2013-03-08,1600,0.0,26.8,26.8,precipitacao
2013-03-08,1700,0.0,28.3,28.8,precipitacao
2013-03-08,1800,0.0,29.5,30.0,precipitacao
2013-03-08,1900,0.0,28.7,31.0,precipitacao
2013-03-08,2000,0.0,25.9,28.7,precipitacao
2013-03-08,2100,0.0,25.8,26.0,precipitacao
2013-03-08,2200,0.0,26.3,26.3,precipitacao
2013-03-08,2300,0.0,25.9,26.4,precipitacao
2013-03-16,0,0.0,25.7,26.9,precipitacao
2013-03-16,100,0.0,25.3,25.9,precipitacao
2013-03-16,200,0.0,25.2,25.3,precipitacao
2013-03-16,300,0.0,25.0,25.2,precipitacao
2013-03-16,400,0.0,24.8,25.0,precipitacao
2013-03-16,500,0.0,25.1,25.3,precipitacao
2013-03-16,600,0.0,24.7,25.1,precipitacao
2013-03-16,700,3.4,24.2,24.7,precipitacao
2013-03-16,800,12.8,23.9,24.2,precipitacao
2013-03-16,900,7.4,23.8,23.9,precipitacao
2013-03-16,1000,9.2,23.0,23.9,precipitacao
2013-03-16,1100,5.2,22.9,23.0,precipitacao
2013-03-16,1200,3.8,23.2,23.2,precipitacao
2013-03-16,1300,0.2,24.0,24.0,precipitacao
2013-03-16,1400,0.0,25.0,25.0,precipitacao
2013-03-16,1500,0.0,26.1,26.2,precipitacao
2013-03-16,1600,0.0,27.5,27.7,precipitacao
2013-03-16,1700,2.6,26.2,28.3,precipitacao
2013-03-16,1800,2.2,25.6,26.5,precipitacao
2013-03-16,1900,0.0,25.6,25.9,precipitacao
2013-03-16,2000,1.2,25.2,25.9,precipitacao
2013-03-16,2100,7.6,24.1,25.2,precipitacao
2013-03-16,2200,6.8,23.4,24.1,precipitacao
2013-03-16,2300,0.4,23.2,23.4,precipitacao
2013-03-27,0,0.0,26.9,28.3,precipitacao
2013-03-27,100,0.0,26.1,27.0,precipitacao
2013-03-27,200,0.0,26.0,26.2,precipitacao
2013-03-27,300,0.0,25.8,26.0,precipitacao
2013-03-27,400,0.0,26.0,26.1,precipitacao
2013-03-27,500,0.0,25.4,26.1,precipitacao
2013-03-27,600,0.0,25.5,25.6,precipitacao
2013-03-27,700,6.0,24.5,25.6,precipitacao
2013-03-27,800,0.0,24.7,24.9,precipitacao
2013-03-27,900,1.0,24.0,24.7,precipitacao
2013-03-27,1000,14.4,23.8,24.0,precipitacao
2013-03-27,1100,5.8,23.6,23.8,precipitacao
2013-03-27,1200,4.2,23.6,23.6,precipitacao
2013-03-27,1300,1.2,24.4,24.4,precipitacao
2013-03-27,1400,0.2,25.6,25.6,precipitacao
2013-03-27,1500,0.0,26.6,26.6,precipitacao
2013-03-27,1600,0.0,26.5,26.9,precipitacao
2013-03-27,1700,2.4,25.9,26.6,precipitacao
2013-03-27,1800,3.8,24.3,26.4,precipitacao
2013-03-27,1900,3.0,24.2,24.7,precipitacao
2013-03-27,2000,0.0,24.7,24.8,precipitacao
2013-03-27,2100,0.0,25.2,25.2,precipitacao
2013-03-27,2200,0.0,24.5,25.3,precipitacao
2013-03-27,2300,9.0,22.6,24.5,precipitacao
2013-05-17,0,0.0,24.8,25.6,precipitacao
2013-05-17,100,0.0,24.7,25.0,precipitacao
2013-05-17,200,0.0,24.7,24.8,precipitacao
2013-05-17,300,0.0,24.2,24.7,precipitacao
2013-05-17,400,0.0,23.5,24.2,precipitacao
2013-05-17,500,0.0,23.4,23.5,precipitacao
2013-05-17,600,0.0,23.6,23.6,precipitacao
2013-05-17,700,0.0,23.6,23.6,precipitacao
2013-05-17,800,0.0,23.5,23.6,precipitacao
2013-05-17,900,0.0,23.3,23.5,precipitacao
2013-05-17,1000,0.0,23.2,23.3,precipitacao
2013-05-17,1100,0.0,23.3,23.3,precipitacao
2013-05-17,1200,7.0,23.4,23.4,precipitacao
2013-05-17,1300,8.4,23.3,23.4,precipitacao
2013-05-17,1400,2.6,23.6,23.6,precipitacao
2013-05-17,1500,18.8,22.2,23.6,precipitacao
2013-05-17,1600,4.8,22.3,22.6,precipitacao
2013-05-17,1700,5.2,22.1,22.3,precipitacao
2013-05-17,1800,3.2,22.8,22.8,precipitacao
2013-05-17,1900,0.2,23.6,23.6,precipitacao
2013-05-17,2000,0.0,23.4,24.0,precipitacao
2013-05-17,2100,2.2,23.2,23.4,precipitacao
2013-05-17,2200,0.0,23.2,23.4,precipitacao
2013-05-17,2300,0.2,22.9,23.2,precipitacao
2013-09-10,0,3.4,24.8,26.5,precipitacao
2013-09-10,100,0.2,24.9,25.1,precipitacao
2013-09-10,200,14.4,21.9,24.9,precipitacao
2013-09-10,300,24.6,21.3,21.9,precipitacao
2013-09-10,400,27.6,22.1,22.8,precipitacao
2013-09-10,500,0.2,22.0,22.1,precipitacao
2013-09-10,600,0.0,21.8,22.0,precipitacao
2013-09-10,700,0.0,21.5,21.8,precipitacao
2013-09-10,800,0.0,21.4,21.5,precipitacao
2013-09-10,900,0.0,21.5,21.5,precipitacao
2013-09-10,1000,0.0,21.5,21.5,precipitacao
2013-09-10,1100,0.0,21.4,21.5,precipitacao
2013-09-10,1200,0.0,21.7,21.7,precipitacao
2013-09-10,1300,0.0,22.5,22.5,precipitacao
2013-09-10,1400,0.0,24.0,24.1,precipitacao
2013-09-10,1500,0.0,26.3,26.4,precipitacao
2013-09-10,1600,0.0,27.5,27.9,precipitacao
2013-09-10,1700,0.0,29.3,29.4,precipitacao
2013-09-10,1800,0.0,29.9,30.1,precipitacao
2013-09-10,1900,0.0,30.4,31.1,precipitacao
2013-09-10,2000,0.0,30.5,31.4,precipitacao
2013-09-10,2100,0.0,27.4,30.7,precipitacao
2013-09-10,2200,0.0,26.4,27.4,precipitacao
2013-09-10,2300,0.0,25.6,26.4,precipitacao
2013-11-03,0,0.0,24.1,24.4,precipitacao
2013-11-03,100,0.0,24.0,24.1,precipitacao
2013-11-03,200,0.0,24.0,24.1,precipitacao
2013-11-03,300,0.0,23.9,24.0,precipitacao
2013-11-03,400,0.2,23.9,24.0,precipitacao
2013-11-03,500,0.0,23.6,23.9,precipitacao
2013-11-03,600,0.0,23.6,23.6,precipitacao
2013-11-03,700,29.2,19.9,23.7,precipitacao
2013-11-03,800,13.4,19.3,19.9,precipitacao
2013-11-03,900,11.0,19.0,19.2,precipitacao
2013-11-03,1000,7.6,19.1,19.1,precipitacao
2013-11-03,1100,2.8,19.2,19.2,precipitacao
2013-11-03,1200,1.8,19.4,19.5,precipitacao
2013-11-03,1300,1.2,19.8,20.0,precipitacao
2013-11-03,1400,0.6,20.1,20.1,precipitacao
2013-11-03,1500,0.2,20.6,20.7,precipitacao
2013-11-03,1600,0.2,21.2,21.2,precipitacao
2013-11-03,1700,0.0,21.9,22.0,precipitacao
2013-11-03,1800,0.0,22.7,22.7,precipitacao
2013-11-03,1900,0.0,23.2,23.3,precipitacao
2013-11-03,2000,0.0,23.8,24.1,precipitacao
2013-11-03,2100,0.0,24.1,24.1,precipitacao
2013-11-03,2200,0.0,23.8,24.2,precipitacao
2013-11-03,2300,0.0,22.8,23.8,precipitacao
2013-11-17,0,0.4,24.3,24.5,precipitacao
2013-11-17,100,0.0,24.2,24.3,precipitacao
2013-11-17,200,0.0,24.1,24.3,precipitacao
2013-11-17,300,0.0,24.1,24.2,precipitacao
2013-11-17,400,0.0,24.2,24.2,precipitacao
2013-11-17,500,0.0,24.1,24.2,precipitacao
2013-11-17,600,0.0,23.9,24.1,precipitacao
2013-11-17,700,0.0,23.9,24.0,precipitacao
2013-11-17,800,0.0,23.8,23.9,precipitacao
2013-11-17,900,0.2,23.9,23.9,precipitacao
2013-11-17,1000,0.0,23.8,23.9,precipitacao
2013-11-17,1100,0.0,23.9,23.9,precipitacao
2013-11-17,1200,0.2,24.0,24.0,precipitacao
2013-11-17,1300,0.2,23.9,24.2,precipitacao
2013-11-17,1400,27.2,21.7,23.8,precipitacao
2013-11-17,1500,17.0,21.7,21.8,precipitacao
2013-11-17,1600,17.6,21.8,21.9,precipitacao
2013-11-17,1700,4.6,22.0,22.0,precipitacao
2013-11-17,1800,1.8,22.4,22.4,precipitacao
2013-11-17,1900,1.4,22.5,22.6,precipitacao
2013-11-17,2000,0.8,22.6,22.8,precipitacao
2013-11-17,2100,0.4,22.7,22.9,precipitacao
2013-11-17,2200,0.0,22.5,22.7,precipitacao
2013-11-17,2300,0.0,22.3,22.5,precipitacao
2014-01-14,0,0.0,24.9,25.9,precipitacao
2014-01-14,100,0.0,24.6,24.9,precipitacao
2014-01-14,200,0.0,23.9,24.6,precipitacao
2014-01-14,300,0.0,23.5,23.9,precipitacao
2014-01-14,400,0.0,23.3,23.5,precipitacao
2014-01-14,500,0.0,23.0,23.3,precipitacao
2014-01-14,600,0.0,22.6,23.0,precipitacao
2014-01-14,700,0.0,23.0,23.0,precipitacao
2014-01-14,800,0.0,22.9,23.0,precipitacao
2014-01-14,900,0.0,22.9,23.0,precipitacao
2014-01-14,1000,0.0,22.9,22.9,precipitacao
2014-01-14,1100,0.0,23.1,23.1,precipitacao
2014-01-14,1200,0.0,23.5,23.5,precipitacao
2014-01-14,1300,0.0,24.2,24.2,precipitacao
2014-01-14,1400,0.0,24.8,24.8,precipitacao
2014-01-14,1500,0.0,25.7,25.7,precipitacao
2014-01-14,1600,0.0,26.3,26.5,precipitacao
2014-01-14,1700,0.0,27.1,27.4,precipitacao
2014-01-14,1800,0.0,27.4,27.8,precipitacao
2014-01-14,1900,0.0,27.0,27.4,precipitacao
2014-01-14,2000,0.0,27.0,27.4,precipitacao
2014-01-14,2100,25.8,23.4,27.2,precipitacao
2014-01-14,2200,27.8,22.8,23.5,precipitacao
2014-01-14,2300,14.8,22.7,22.8,precipitacao
2014-03-06,0,0.0,25.7,26.8,precipitacao
2014-03-06,100,0.0,25.2,25.7,precipitacao
2014-03-06,200,0.0,24.5,25.3,precipitacao
2014-03-06,300,0.0,24.0,24.5,precipitacao
2014-03-06,400,0.0,23.9,24.1,precipitacao
2014-03-06,500,23.2,22.4,23.9,precipitacao
2014-03-06,600,3.2,22.8,22.8,precipitacao
2014-03-06,700,0.0,22.8,22.9,precipitacao
2014-03-06,800,0.2,22.8,22.8,precipitacao
2014-03-06,900,0.0,22.8,22.9,precipitacao
2014-03-06,1000,0.0,23.0,23.0,precipitacao
2014-03-06,1100,0.0,23.0,23.0,precipitacao
2014-03-06,1200,0.0,23.4,23.4,precipitacao
2014-03-06,1300,0.0,23.9,23.9,precipitacao
2014-03-06,1400,0.0,24.8,24.8,precipitacao
2014-03-06,1500,0.0,26.4,26.4,precipitacao
2014-03-06,1600,0.0,27.1,27.2,precipitacao
2014-03-06,1700,0.0,27.3,27.9,precipitacao
2014-03-06,1800,0.0,28.2,28.2,precipitacao
2014-03-06,1900,0.0,28.6,28.9,precipitacao
2014-03-06,2000,0.6,26.8,28.5,precipitacao
2014-03-06,2100,1.6,27.2,28.1,precipitacao
2014-03-06,2200,20.6,24.5,27.4,precipitacao
2014-03-06,2300,0.6,24.7,24.8,precipitacao
2014-03-23,0,0.0,23.9,24.7,precipitacao
2014-03-23,100,0.0,23.3,23.9,precipitacao
2014-03-23,200,0.0,23.0,23.3,precipitacao
2014-03-23,300,0.0,22.7,23.1,precipitacao
2014-03-23,400,0.0,22.8,22.8,precipitacao
2014-03-23,500,0.0,22.7,22.8,precipitacao
2014-03-23,600,0.0,22.6,22.7,precipitacao
2014-03-23,700,0.2,22.6,22.6,precipitacao
2014-03-23,800,0.0,22.7,22.7,precipitacao
2014-03-23,900,0.0,22.7,22.7,precipitacao
2014-03-23,1000,0.0,22.8,22.8,precipitacao
2014-03-23,1100,1.6,22.8,22.8,precipitacao
2014-03-23,1200,10.6,22.6,22.9,precipitacao
2014-03-23,1300,24.0,22.1,22.6,precipitacao
2014-03-23,1400,22.0,21.8,22.1,precipitacao
2014-03-23,1500,4.6,22.2,22.2,precipitacao
2014-03-23,1600,1.0,22.6,22.7,precipitacao
2014-03-23,1700,0.8,23.3,23.3,precipitacao
2014-03-23,1800,0.0,23.6,23.7,precipitacao
2014-03-23,1900,0.2,23.7,23.9,precipitacao
2014-03-23,2000,0.0,24.0,24.0,precipitacao
2014-03-23,2100,0.0,23.4,24.0,precipitacao
2014-03-23,2200,0.2,23.6,23.6,precipitacao
2014-03-23,2300,0.0,23.5,23.6,precipitacao
2014-03-26,0,0.0,26.0,27.0,precipitacao
2014-03-26,100,0.4,25.9,26.2,precipitacao
2014-03-26,200,0.8,25.5,26.0,precipitacao
2014-03-26,300,28.6,24.0,25.6,precipitacao
2014-03-26,400,9.2,23.3,24.0,precipitacao
2014-03-26,500,19.4,23.6,23.6,precipitacao
2014-03-26,600,5.8,23.5,23.6,precipitacao
2014-03-26,700,5.0,23.7,23.7,precipitacao
2014-03-26,800,1.2,23.5,23.6,precipitacao
2014-03-26,900,0.6,23.4,23.5,precipitacao
2014-03-26,1000,0.2,23.3,23.4,precipitacao
2014-03-26,1100,0.0,23.3,23.4,precipitacao
2014-03-26,1200,0.0,23.4,23.4,precipitacao
2014-03-26,1300,0.0,23.8,23.9,precipitacao
2014-03-26,1400,0.2,24.5,24.8,precipitacao
2014-03-26,1500,0.0,25.9,25.9,precipitacao
2014-03-26,1600,1.2,24.8,26.4,precipitacao
2014-03-26,1700,6.4,24.3,25.2,precipitacao
2014-03-26,1800,0.2,25.7,26.3,precipitacao
2014-03-26,1900,11.6,22.6,25.7,precipitacao
2014-03-26,2000,0.2,24.3,24.3,precipitacao
2014-03-26,2100,0.0,25.1,25.2,precipitacao
2014-03-26,2200,0.0,25.2,25.3,precipitacao
2014-03-26,2300,0.0,24.4,25.2,precipitacao
2014-04-10,0,0.0,24.4,24.5,precipitacao
2014-04-10,100,0.4,24.5,24.7,precipitacao
2014-04-10,200,1.4,24.3,24.5,precipitacao
2014-04-10,300,0.8,24.1,24.4,precipitacao
2014-04-10,400,8.0,23.3,24.3,precipitacao
2014-04-10,500,6.8,23.1,23.6,precipitacao
2014-04-10,600,19.2,22.8,23.1,precipitacao
2014-04-10,700,11.4,22.6,22.8,precipitacao
2014-04-10,800,2.4,22.7,22.7,precipitacao
2014-04-10,900,0.6,22.6,22.7,precipitacao
2014-04-10,1000,0.4,22.7,22.7,precipitacao
2014-04-10,1100,0.2,22.8,22.9,precipitacao
2014-04-10,1200,0.0,23.2,23.2,precipitacao
2014-04-10,1300,0.0,23.8,23.8,precipitacao
2014-04-10,1400,0.0,24.7,24.9,precipitacao
2014-04-10,1500,0.0,26.2,26.3,precipitacao
2014-04-10,1600,0.0,27.3,27.6,precipitacao
2014-04-10,1700,0.0,27.5,27.7,precipitacao
2014-04-10,1800,0.0,28.5,28.7,precipitacao
2014-04-10,1900,0.0,28.3,29.2,precipitacao
2014-04-10,2000,0.0,29.2,29.4,precipitacao
2014-04-10,2100,0.0,29.2,29.5,precipitacao
2014-04-10,2200,0.0,29.1,29.4,precipitacao
2014-04-10,2300,0.0,26.5,29.1,precipitacao
2014-05-08,0,38.6,23.8,24.7,precipitacao
2014-05-08,100,7.2,23.8,23.9,precipitacao
2014-05-08,200,3.4,23.7,23.9,precipitacao
2014-05-08,300,0.4,23.6,23.7,precipitacao
2014-05-08,400,0.0,23.4,23.6,precipitacao
2014-05-08,500,0.0,23.3,23.5,precipitacao
2014-05-08,600,0.0,23.3,23.4,precipitacao
2014-05-08,700,0.0,23.4,23.4,precipitacao
2014-05-08,800,0.2,23.5,23.5,precipitacao
2014-05-08,900,0.0,23.6,23.6,precipitacao
2014-05-08,1000,0.0,23.4,23.6,precipitacao
2014-05-08,1100,0.0,23.2,23.4,precipitacao
2014-05-08,1200,0.0,23.5,23.5,precipitacao
2014-05-08,1300,0.0,23.9,24.0,precipitacao
2014-05-08,1400,0.0,24.8,24.9,precipitacao
2014-05-08,1500,0.0,26.1,26.1,precipitacao
2014-05-08,1600,0.0,27.1,27.1,precipitacao
2014-05-08,1700,0.0,27.6,27.7,precipitacao
2014-05-08,1800,0.0,28.2,28.8,precipitacao
2014-05-08,1900,0.0,29.2,29.2,precipitacao
2014-05-08,2000,0.0,27.9,30.1,precipitacao
2014-05-08,2100,0.0,26.4,28.2,precipitacao
2014-05-08,2200,0.2,24.5,26.4,precipitacao
2014-05-08,2300,0.0,24.4,24.6,precipitacao
2014-12-09,0,0.0,26.2,26.4,precipitacao
2014-12-09,100,0.0,25.4,26.2,precipitacao
2014-12-09,200,0.0,25.2,25.5,precipitacao
2014-12-09,300,0.0,25.3,25.4,precipitacao
2014-12-09,400,23.4,23.4,25.3,precipitacao
2014-12-09,500,41.2,22.5,23.4,precipitacao
2014-12-09,600,2.2,22.2,22.5,precipitacao
2014-12-09,700,4.8,21.9,22.2,precipitacao
2014-12-09,800,4.2,21.9,22.0,precipitacao
2014-12-09,900,3.4,22.0,22.1,precipitacao
2014-12-09,1000,3.4,22.2,22.2,precipitacao
2014-12-09,1100,4.2,22.0,22.2,precipitacao
2014-12-09,1200,1.0,22.3,22.3,precipitacao
2014-12-09,1300,0.4,22.6,22.6,precipitacao
2014-12-09,1400,0.2,23.2,23.2,precipitacao
2014-12-09,1500,0.0,24.3,24.4,precipitacao
2014-12-09,1600,0.0,25.3,25.6,precipitacao
2014-12-09,1700,0.0,26.6,26.6,precipitacao
2014-12-09,1800,0.0,27.2,27.2,precipitacao
2014-12-09,1900,0.0,28.2,28.2,precipitacao
2014-12-09,2000,0.0,28.7,28.8,precipitacao
2014-12-09,2100,0.0,28.4,28.6,precipitacao
2014-12-09,2200,0.0,28.5,29.0,precipitacao
2014-12-09,2300,0.0,25.2,28.5,precipitacao
2015-01-03,0,0.0,24.8,24.9,precipitacao
2015-01-03,100,0.6,24.4,24.9,precipitacao
2015-01-03,200,5.8,24.0,24.4,precipitacao
2015-01-03,300,2.2,23.6,24.0,precipitacao
2015-01-03,400,0.6,23.5,23.7,precipitacao
2015-01-03,500,0.4,23.4,23.6,precipitacao
2015-01-03,600,1.2,23.1,23.4,precipitacao
2015-01-03,700,0.2,22.8,23.0,precipitacao
2015-01-03,800,0.6,22.8,22.8,precipitacao
2015-01-03,900,0.2,22.5,22.8,precipitacao
2015-01-03,1000,0.0,22.4,22.5,precipitacao
2015-01-03,1100,0.0,22.4,22.5,precipitacao
2015-01-03,1200,0.0,22.8,22.8,precipitacao
2015-01-03,1300,0.0,23.7,23.8,precipitacao
2015-01-03,1400,0.0,24.4,24.5,precipitacao
2015-01-03,1500,0.0,25.3,25.5,precipitacao
2015-01-03,1600,0.0,26.2,26.6,precipitacao
2015-01-03,1700,0.0,25.9,26.5,precipitacao
2015-01-03,1800,0.0,26.5,26.7,precipitacao
2015-01-03,1900,0.0,27.5,28.0,precipitacao
2015-01-03,2000,18.2,20.8,28.0,precipitacao
2015-01-03,2100,21.4,21.3,21.3,precipitacao
2015-01-03,2200,4.6,21.5,21.5,precipitacao
2015-01-03,2300,0.4,21.5,21.6,precipitacao
2015-01-05,0,0.0,24.1,25.2,precipitacao
2015-01-05,100,0.0,24.0,24.3,precipitacao
2015-01-05,200,0.0,23.8,24.0,precipitacao
2015-01-05,300,0.0,23.8,23.9,precipitacao
2015-01-05,400,0.0,23.5,23.8,precipitacao
2015-01-05,500,0.0,23.1,23.5,precipitacao
2015-01-05,600,0.0,23.3,23.3,precipitacao
2015-01-05,700,0.0,23.3,23.4,precipitacao
2015-01-05,800,0.0,23.3,23.4,precipitacao
2015-01-05,900,0.0,23.4,23.4,precipitacao
2015-01-05,1000,0.0,23.5,23.6,precipitacao
2015-01-05,1100,0.0,23.5,23.6,precipitacao
2015-01-05,1200,0.0,23.7,23.8,precipitacao
2015-01-05,1300,8.6,22.4,23.7,precipitacao
2015-01-05,1400,31.4,21.9,22.4,precipitacao
2015-01-05,1500,15.4,22.1,22.1,precipitacao
2015-01-05,1600,6.2,22.3,22.3,precipitacao
2015-01-05,1700,6.0,22.6,22.6,precipitacao
2015-01-05,1800,1.6,23.2,23.3,precipitacao
2015-01-05,1900,0.2,23.9,24.0,precipitacao
2015-01-05,2000,0.0,24.5,24.6,precipitacao
2015-01-05,2100,0.0,25.3,25.3,precipitacao
2015-01-05,2200,0.0,24.7,25.4,precipitacao
2015-01-05,2300,0.0,23.4,24.7,precipitacao
2015-01-12,0,0.0,25.1,26.2,precipitacao
2015-01-12,100,0.0,24.3,25.1,precipitacao
2015-01-12,200,0.0,24.0,24.4,precipitacao
2015-01-12,300,0.0,24.5,24.5,precipitacao
2015-01-12,400,0.0,24.0,24.5,precipitacao
2015-01-12,500,0.0,23.9,24.1,precipitacao
2015-01-12,600,0.0,24.0,24.0,precipitacao
2015-01-12,700,0.0,23.9,24.1,precipitacao
2015-01-12,800,0.0,23.8,23.9,precipitacao
2015-01-12,900,0.2,23.9,24.0,precipitacao
2015-01-12,1000,37.4,22.3,24.0,precipitacao
2015-01-12,1100,5.0,22.7,22.7,precipitacao
2015-01-12,1200,3.8,22.9,23.0,precipitacao
2015-01-12,1300,3.8,23.1,23.1,precipitacao
2015-01-12,1400,4.8,23.4,23.4,precipitacao
2015-01-12,1500,7.2,23.8,23.9,precipitacao
2015-01-12,1600,1.2,24.5,24.7,precipitacao
2015-01-12,1700,0.8,24.0,24.5,precipitacao
2015-01-12,1800,0.4,23.5,24.0,precipitacao
2015-01-12,1900,0.0,24.0,24.1,precipitacao
2015-01-12,2000,0.0,25.1,25.4,precipitacao
2015-01-12,2100,0.0,24.9,25.2,precipitacao
2015-01-12,2200,0.0,24.5,25.0,precipitacao
2015-01-12,2300,0.0,23.7,24.5,precipitacao
2015-02-24,0,0.0,24.1,25.1,precipitacao
2015-02-24,100,0.0,24.1,24.2,precipitacao
2015-02-24,200,0.0,23.9,24.2,precipitacao
2015-02-24,300,0.0,23.5,24.0,precipitacao
2015-02-24,400,0.0,23.3,23.5,precipitacao
2015-02-24,500,0.0,23.3,23.4,precipitacao
2015-02-24,600,0.2,23.2,23.4,precipitacao
2015-02-24,700,0.0,23.1,23.3,precipitacao
2015-02-24,800,0.0,23.2,23.3,precipitacao
2015-02-24,900,0.0,23.5,23.5,precipitacao
2015-02-24,1000,0.0,23.4,23.5,precipitacao
2015-02-24,1100,0.0,23.5,23.5,precipitacao
2015-02-24,1200,0.0,23.9,23.9,precipitacao
2015-02-24,1300,8.6,23.4,24.2,precipitacao
2015-02-24,1400,42.0,22.2,23.4,precipitacao
2015-02-24,1500,3.8,23.2,23.2,precipitacao
2015-02-24,1600,0.2,25.3,25.3,precipitacao
2015-02-24,1700,0.2,26.2,26.3,precipitacao
2015-02-24,1800,1.0,26.8,26.8,precipitacao
2015-02-24,1900,0.0,28.5,28.8,precipitacao
2015-02-24,2000,0.0,29.3,29.6,precipitacao
2015-02-24,2100,0.0,29.5,30.3,precipitacao
2015-02-24,2200,0.0,28.9,30.1,precipitacao
2015-02-24,2300,0.0,25.8,28.9,precipitacao
2015-02-25,0,0.0,24.9,25.8,precipitacao
2015-02-25,100,0.0,24.5,24.9,precipitacao
2015-02-25,200,0.0,24.7,24.8,precipitacao
2015-02-25,300,0.0,24.6,24.7,precipitacao
2015-02-25,400,0.0,24.5,24.7,precipitacao
2015-02-25,500,7.4,23.7,24.5,precipitacao
2015-02-25,600,37.8,22.6,23.7,precipitacao
2015-02-25,700,31.8,22.6,22.7,precipitacao
2015-02-25,800,27.8,22.0,22.6,precipitacao
2015-02-25,900,5.4,22.5,22.6,precipitacao
2015-02-25,1000,3.0,22.5,22.5,precipitacao
2015-02-25,1100,2.4,22.4,22.5,precipitacao
2015-02-25,1200,0.6,22.9,22.9,precipitacao
2015-02-25,1300,0.0,24.7,24.8,precipitacao
2015-02-25,1400,0.0,25.4,25.8,precipitacao
2015-02-25,1500,0.0,27.1,27.6,precipitacao
2015-02-25,1600,0.0,28.4,28.4,precipitacao
2015-02-25,1700,0.0,29.6,29.8,precipitacao
2015-02-25,1800,0.0,29.9,29.9,precipitacao
2015-02-25,1900,0.0,29.2,30.5,precipitacao
2015-02-25,2000,0.0,28.7,29.7,precipitacao
2015-02-25,2100,0.0,26.5,29.0,precipitacao
2015-02-25,2200,7.4,23.7,26.5,precipitacao
2015-02-25,2300,0.8,23.6,23.8,precipitacao
2015-03-16,0,15.4,22.1,23.2,precipitacao
2015-03-16,100,6.0,21.8,22.2,precipitacao
2015-03-16,200,4.0,21.9,22.0,precipitacao
2015-03-16,300,1.6,22.1,22.1,precipitacao
2015-03-16,400,6.8,21.9,22.1,precipitacao
2015-03-16,500,1.8,22.2,22.2,precipitacao
2015-03-16,600,12.2,21.9,22.2,precipitacao
2015-03-16,700,18.6,21.7,21.9,precipitacao
2015-03-16,800,13.4,21.6,21.7,precipitacao
2015-03-16,900,3.4,21.5,21.6,precipitacao
2015-03-16,1000,0.4,21.7,21.8,precipitacao
2015-03-16,1100,0.6,21.8,21.8,precipitacao
2015-03-16,1200,0.6,22.0,22.0,precipitacao
2015-03-16,1300,0.0,22.9,22.9,precipitacao
2015-03-16,1400,0.0,24.2,24.2,precipitacao
2015-03-16,1500,0.0,25.4,25.9,precipitacao
2015-03-16,1600,0.0,26.3,26.7,precipitacao
2015-03-16,1700,0.0,26.5,27.3,precipitacao
2015-03-16,1800,0.0,27.2,27.7,precipitacao
2015-03-16,1900,0.0,27.8,27.9,precipitacao
2015-03-16,2000,0.0,28.9,28.9,precipitacao
2015-03-16,2100,0.2,29.0,29.3,precipitacao
2015-03-16,2200,0.0,28.0,29.2,precipitacao
2015-03-16,2300,0.0,25.5,28.1,precipitacao
2015-04-07,0,41.8,22.2,25.5,precipitacao
2015-04-07,100,6.6,22.2,22.3,precipitacao
2015-04-07,200,9.0,22.3,22.4,precipitacao
2015-04-07,300,9.0,22.5,22.5,precipitacao
2015-04-07,400,5.0,22.3,22.5,precipitacao
2015-04-07,500,1.6,22.2,22.4,precipitacao
2015-04-07,600,0.4,22.3,22.4,precipitacao
2015-04-07,700,0.0,22.5,22.5,precipitacao
2015-04-07,800,0.6,22.5,22.7,precipitacao
2015-04-07,900,1.2,22.4,22.5,precipitacao
2015-04-07,1000,0.6,22.3,22.4,precipitacao
2015-04-07,1100,0.2,22.3,22.4,precipitacao
2015-04-07,1200,0.0,22.6,22.7,precipitacao
2015-04-07,1300,0.0,23.6,23.6,precipitacao
2015-04-07,1400,0.0,24.2,24.4,precipitacao
2015-04-07,1500,0.0,25.1,25.3,precipitacao
2015-04-07,1600,0.0,26.2,26.6,precipitacao
2015-04-07,1700,0.0,26.7,27.2,precipitacao
2015-04-07,1800,0.0,27.2,27.6,precipitacao
2015-04-07,1900,0.0,27.8,28.1,precipitacao
2015-04-07,2000,0.0,28.1,28.4,precipitacao
2015-04-07,2100,0.0,27.8,28.7,precipitacao
2015-04-07,2200,0.0,27.4,28.5,precipitacao
2015-04-07,2300,0.0,25.6,27.4,precipitacao
2015-04-21,0,0.0,26.5,27.8,precipitacao
2015-04-21,100,0.0,26.9,26.9,precipitacao
2015-04-21,200,0.0,26.8,27.0,precipitacao
2015-04-21,300,15.4,23.2,26.8,precipitacao
2015-04-21,400,6.4,22.6,24.0,precipitacao
2015-04-21,500,8.6,23.3,23.3,precipitacao
2015-04-21,600,27.8,22.7,23.4,precipitacao
2015-04-21,700,3.8,23.2,23.2,precipitacao
2015-04-21,800,0.8,23.1,23.2,precipitacao
2015-04-21,900,0.0,23.1,23.2,precipitacao
2015-04-21,1000,0.4,22.9,23.2,precipitacao
2015-04-21,1100,0.0,23.1,23.1,precipitacao
2015-04-21,1200,0.0,23.8,23.8,precipitacao
2015-04-21,1300,0.0,24.9,25.2,precipitacao
2015-04-21,1400,0.0,26.6,27.0,precipitacao
2015-04-21,1500,0.0,28.0,28.2,precipitacao
2015-04-21,1600,0.0,28.7,29.4,precipitacao
2015-04-21,1700,0.0,29.9,30.0,precipitacao
2015-04-21,1800,0.0,29.8,30.7,precipitacao
2015-04-21,1900,0.0,30.8,31.3,precipitacao
2015-04-21,2000,0.0,30.7,31.6,precipitacao
2015-04-21,2100,0.0,26.3,30.7,precipitacao
2015-04-21,2200,0.0,24.5,26.3,precipitacao
2015-04-21,2300,0.0,23.9,24.5,precipitacao
2015-08-12,0,0.0,24.6,27.2,precipitacao
2015-08-12,100,0.0,24.9,24.9,precipitacao
2015-08-12,200,0.4,24.0,25.0,precipitacao
2015-08-12,300,3.6,23.4,24.0,precipitacao
2015-08-12,400,4.4,23.2,23.5,precipitacao
2015-08-12,500,1.4,23.0,23.2,precipitacao
2015-08-12,600,0.4,22.4,23.0,precipitacao
2015-08-12,700,0.2,22.3,22.5,precipitacao
2015-08-12,800,0.0,22.2,22.3,precipitacao
2015-08-12,900,0.0,22.3,22.3,precipitacao
2015-08-12,1000,0.0,22.1,22.3,precipitacao
2015-08-12,1100,0.0,22.0,22.1,precipitacao
2015-08-12,1200,0.0,22.3,22.3,precipitacao
2015-08-12,1300,0.0,23.0,23.0,precipitacao
2015-08-12,1400,0.0,23.5,23.5,precipitacao
2015-08-12,1500,0.0,24.6,24.8,precipitacao
2015-08-12,1600,0.0,25.4,25.7,precipitacao
2015-08-12,1700,0.0,26.5,26.5,precipitacao
2015-08-12,1800,0.0,28.3,28.8,precipitacao
2015-08-12,1900,0.0,28.3,29.0,precipitacao
2015-08-12,2000,0.0,29.3,29.8,precipitacao
2015-08-12,2100,0.0,27.2,29.8,precipitacao
2015-08-12,2200,44.8,22.6,27.1,precipitacao
2015-08-12,2300,6.4,22.1,22.6,precipitacao
2015-10-23,0,0.0,28.7,29.8,precipitacao
2015-10-23,100,0.0,27.2,28.7,precipitacao
2015-10-23,200,0.0,26.5,27.3,precipitacao
2015-10-23,300,0.0,25.3,26.5,precipitacao
2015-10-23,400,0.0,24.7,25.3,precipitacao
2015-10-23,500,0.0,24.0,24.7,precipitacao
2015-10-23,600,0.0,23.7,24.2,precipitacao
2015-10-23,700,0.0,23.5,23.8,precipitacao
2015-10-23,800,0.0,23.2,23.6,precipitacao
2015-10-23,900,0.0,22.7,23.2,precipitacao
2015-10-23,1000,0.0,22.7,22.8,precipitacao
2015-10-23,1100,0.0,23.2,23.2,precipitacao
2015-10-23,1200,0.0,25.7,25.7,precipitacao
2015-10-23,1300,0.0,28.8,29.0,precipitacao
2015-10-23,1400,0.0,31.7,31.7,precipitacao
2015-10-23,1500,0.0,33.8,33.8,precipitacao
2015-10-23,1600,0.0,34.2,35.0,precipitacao
2015-10-23,1700,0.0,34.9,35.0,precipitacao
2015-10-23,1800,0.8,30.4,35.5,precipitacao
2015-10-23,1900,0.0,34.0,34.0,precipitacao
2015-10-23,2000,0.0,35.6,35.6,precipitacao
2015-10-23,2100,0.0,33.4,35.6,precipitacao
2015-10-23,2200,10.2,24.6,33.3,precipitacao
2015-10-23,2300,66.0,22.4,24.6,precipitacao
2016-10-27,0,0.0,25.8,27.0,precipitacao
2016-10-27,100,0.0,25.3,25.9,precipitacao
2016-10-27,200,0.0,25.0,25.3,precipitacao
2016-10-27,300,0.0,24.7,25.0,precipitacao
2016-10-27,400,0.0,24.7,24.9,precipitacao
2016-10-27,500,0.0,24.5,25.1,precipitacao
2016-10-27,600,0.0,24.4,24.6,precipitacao
2016-10-27,700,0.0,24.5,24.5,precipitacao
2016-10-27,800,0.0,23.9,24.5,precipitacao
2016-10-27,900,0.0,24.2,24.4,precipitacao
2016-10-27,1000,0.0,24.5,24.5,precipitacao
2016-10-27,1100,0.0,24.8,24.8,precipitacao
2016-10-27,1200,2.0,25.0,25.1,precipitacao
2016-10-27,1300,0.8,25.4,25.4,precipitacao
2016-10-27,1400,0.0,27.2,27.2,precipitacao
2016-10-27,1500,0.0,27.8,28.2,precipitacao
2016-10-27,1600,0.0,28.4,28.6,precipitacao
2016-10-27,1700,0.0,28.2,28.5,precipitacao
2016-10-27,1800,0.0,26.6,28.2,precipitacao
2016-10-27,1900,12.8,23.8,26.6,precipitacao
2016-10-27,2000,6.8,22.7,23.9,precipitacao
2016-10-27,2100,10.6,22.1,22.7,precipitacao
2016-10-27,2200,9.4,21.7,22.1,precipitacao
2016-10-27,2300,9.8,21.6,21.7,precipitacao
2016-12-06,0,0.4,24.9,26.5,precipitacao
2016-12-06,100,0.2,24.4,24.9,precipitacao
2016-12-06,200,0.0,24.0,24.4,precipitacao
2016-12-06,300,0.0,23.9,24.1,precipitacao
2016-12-06,400,0.0,24.1,24.2,precipitacao
2016-12-06,500,13.6,23.6,24.1,precipitacao
2016-12-06,600,13.4,23.2,23.6,precipitacao
2016-12-06,700,7.6,23.0,23.2,precipitacao
2016-12-06,800,7.0,23.1,23.3,precipitacao
2016-12-06,900,3.6,22.8,23.1,precipitacao
2016-12-06,1000,1.2,22.8,22.9,precipitacao
2016-12-06,1100,0.0,23.0,23.0,precipitacao
2016-12-06,1200,0.0,23.5,23.5,precipitacao
2016-12-06,1300,0.2,24.2,24.2,precipitacao
2016-12-06,1400,0.6,24.3,24.4,precipitacao
2016-12-06,1500,1.2,24.7,24.9,precipitacao
2016-12-06,1600,0.0,26.3,26.3,precipitacao
2016-12-06,1700,0.0,27.9,28.3,precipitacao
2016-12-06,1800,0.0,28.4,28.6,precipitacao
2016-12-06,1900,0.0,29.9,30.1,precipitacao
2016-12-06,2000,0.0,30.0,30.7,precipitacao
2016-12-06,2100,0.0,30.1,30.7,precipitacao
2016-12-06,2200,0.2,23.6,30.1,precipitacao
2016-12-06,2300,1.6,23.2,23.6,precipitacao
2016-12-29,0,0.0,25.3,26.2,precipitacao
2016-12-29,100,0.0,25.0,25.4,precipitacao
2016-12-29,200,37.2,23.8,25.1,precipitacao
2016-12-29,300,82.2,23.4,23.8,precipitacao
2016-12-29,400,27.4,22.7,23.5,precipitacao
2016-12-29,500,3.0,22.7,22.8,precipitacao
2016-12-29,600,0.0,22.5,22.7,precipitacao
2016-12-29,700,1.4,22.4,22.6,precipitacao
2016-12-29,800,2.6,22.2,22.4,precipitacao
2016-12-29,900,3.4,22.2,22.3,precipitacao
2016-12-29,1000,0.6,22.1,22.2,precipitacao
2016-12-29,1100,0.0,22.1,22.1,precipitacao
2016-12-29,1200,0.6,22.3,22.3,precipitacao
2016-12-29,1300,0.2,23.1,23.1,precipitacao
2016-12-29,1400,0.0,23.9,24.0,precipitacao
2016-12-29,1500,0.0,24.9,25.1,precipitacao
2016-12-29,1600,0.0,25.4,25.5,precipitacao
2016-12-29,1700,0.0,25.5,25.5,precipitacao
2016-12-29,1800,0.0,25.8,26.2,precipitacao
2016-12-29,1900,0.0,26.3,27.3,precipitacao
2016-12-29,2000,0.0,26.2,26.7,precipitacao
2016-12-29,2100,0.0,26.0,26.3,precipitacao
2016-12-29,2200,0.0,25.3,26.0,precipitacao
2016-12-29,2300,0.0,24.4,25.3,precipitacao
2017-01-01,0,0.0,26.9,27.2,precipitacao
2017-01-01,100,0.0,25.7,26.9,precipitacao
2017-01-01,200,0.0,24.5,25.7,precipitacao
2017-01-01,300,1.2,23.9,24.5,precipitacao
2017-01-01,400,19.4,23.0,23.9,precipitacao
2017-01-01,500,4.4,22.8,23.3,precipitacao
2017-01-01,600,12.4,22.5,22.8,precipitacao
2017-01-01,700,6.4,22.6,22.6,precipitacao
2017-01-01,800,0.4,22.7,22.7,precipitacao
2017-01-01,900,0.4,22.7,22.7,precipitacao
2017-01-01,1000,3.0,22.7,22.8,precipitacao
2017-01-01,1100,3.6,22.8,22.8,precipitacao
2017-01-01,1200,10.6,22.8,22.9,precipitacao
2017-01-01,1300,1.8,23.3,23.4,precipitacao
2017-01-01,1400,0.0,24.4,24.5,precipitacao
2017-01-01,1500,0.0,25.6,25.6,precipitacao
2017-01-01,1600,0.0,26.2,26.6,precipitacao
2017-01-01,1700,1.2,25.8,26.2,precipitacao
2017-01-01,1800,2.8,25.7,25.9,precipitacao
2017-01-01,1900,0.0,27.5,28.3,precipitacao
2017-01-01,2000,0.0,28.3,28.3,precipitacao
2017-01-01,2100,0.2,28.3,29.2,precipitacao
2017-01-01,2200,0.0,27.7,28.4,precipitacao
2017-01-01,2300,0.0,25.5,27.7,precipitacao
2017-01-12,0,0.0,23.2,24.4,precipitacao
2017-01-12,100,0.0,23.1,23.3,precipitacao
2017-01-12,200,0.0,23.1,23.2,precipitacao
2017-01-12,300,0.0,22.7,23.1,precipitacao
2017-01-12,400,0.0,22.8,22.8,precipitacao
2017-01-12,500,0.0,22.9,23.0,precipitacao
2017-01-12,600,0.0,22.7,23.0,precipitacao
2017-01-12,700,0.0,22.8,22.9,precipitacao
2017-01-12,800,0.0,22.9,22.9,precipitacao
2017-01-12,900,0.0,22.9,22.9,precipitacao
2017-01-12,1000,0.0,23.1,23.1,precipitacao
2017-01-12,1100,0.0,23.1,23.1,precipitacao
2017-01-12,1200,0.0,23.9,23.9,precipitacao
2017-01-12,1300,0.0,25.3,25.5,precipitacao
2017-01-12,1400,0.0,27.4,27.4,precipitacao
2017-01-12,1500,0.0,26.8,28.9,precipitacao
2017-01-12,1600,19.6,22.9,26.8,precipitacao
2017-01-12,1700,35.6,22.9,23.3,precipitacao
2017-01-12,1800,0.4,25.8,25.9,precipitacao
2017-01-12,1900,0.0,27.0,27.8,precipitacao
2017-01-12,2000,0.0,25.4,27.4,precipitacao
2017-01-12,2100,0.8,24.2,25.4,precipitacao
2017-01-12,2200,0.0,24.3,24.3,precipitacao
2017-01-12,2300,0.0,24.1,24.4,precipitacao
2017-11-10,0,0.0,25.7,26.3,precipitacao
2017-11-10,100,0.0,25.2,25.9,precipitacao
2017-11-10,200,0.0,25.2,25.3,precipitacao
2017-11-10,300,0.0,25.3,25.8,precipitacao
2017-11-10,400,0.0,24.9,25.3,precipitacao
2017-11-10,500,27.8,22.7,24.9,precipitacao
2017-11-10,600,13.0,23.1,23.1,precipitacao
2017-11-10,700,5.0,23.1,23.2,precipitacao
2017-11-10,800,7.4,22.8,23.1,precipitacao
2017-11-10,900,4.8,22.8,22.8,precipitacao
2017-11-10,1000,0.8,22.7,22.8,precipitacao
2017-11-10,1100,0.4,22.6,22.7,precipitacao
2017-11-10,1200,0.2,23.0,23.1,precipitacao
2017-11-10,1300,0.0,23.6,23.6,precipitacao
2017-11-10,1400,0.0,24.6,24.6,precipitacao
2017-11-10,1500,0.0,25.2,25.2,precipitacao
2017-11-10,1600,0.0,26.0,26.0,precipitacao
2017-11-10,1700,0.0,25.7,26.1,precipitacao
2017-11-10,1800,0.0,25.9,25.9,precipitacao
2017-11-10,1900,0.0,25.5,25.9,precipitacao
2017-11-10,2000,0.0,26.0,26.1,precipitacao
2017-11-10,2100,0.0,26.9,27.5,precipitacao
2017-11-10,2200,0.0,26.6,28.1,precipitacao
2017-11-10,2300,0.0,23.8,26.7,precipitacao
2017-11-14,0,0.0,25.4,26.8,precipitacao
2017-11-14,100,0.0,25.2,25.7,precipitacao
2017-11-14,200,0.0,24.7,25.2,precipitacao
2017-11-14,300,0.0,24.1,24.7,precipitacao
2017-11-14,400,0.0,23.4,24.1,precipitacao
2017-11-14,500,0.0,23.7,23.8,precipitacao
2017-11-14,600,0.0,23.3,23.7,precipitacao
2017-11-14,700,0.0,23.2,23.5,precipitacao
2017-11-14,800,0.0,22.9,23.2,precipitacao
2017-11-14,900,0.0,23.0,23.1,precipitacao
2017-11-14,1000,0.0,23.1,23.2,precipitacao
2017-11-14,1100,0.0,23.6,23.6,precipitacao
2017-11-14,1200,0.0,25.0,25.1,precipitacao
2017-11-14,1300,0.0,26.6,26.6,precipitacao
2017-11-14,1400,0.0,27.6,27.6,precipitacao
2017-11-14,1500,0.0,29.6,29.9,precipitacao
2017-11-14,1600,0.0,29.9,31.4,precipitacao
2017-11-14,1700,0.0,28.8,30.9,precipitacao
2017-11-14,1800,52.2,23.6,28.8,precipitacao
2017-11-14,1900,0.8,24.1,24.1,precipitacao
2017-11-14,2000,0.0,24.8,24.8,precipitacao
2017-11-14,2100,0.0,25.1,25.1,precipitacao
2017-11-14,2200,0.0,24.7,25.1,precipitacao
2017-11-14,2300,0.0,24.2,24.7,precipitacao
2017-12-27,0,7.0,22.7,22.7,precipitacao
2017-12-27,100,0.2,22.8,22.9,precipitacao
2017-12-27,200,0.0,22.7,22.8,precipitacao
2017-12-27,300,0.0,22.7,22.7,precipitacao
2017-12-27,400,0.0,22.5,22.7,precipitacao
2017-12-27,500,0.0,22.5,22.5,precipitacao
2017-12-27,600,0.0,22.3,22.6,precipitacao
2017-12-27,700,0.0,22.4,22.4,precipitacao
2017-12-27,800,0.0,22.4,22.4,precipitacao
2017-12-27,900,0.0,22.4,22.5,precipitacao
2017-12-27,1000,0.8,22.5,22.5,precipitacao
2017-12-27,1100,0.2,22.6,22.7,precipitacao
2017-12-27,1200,0.0,23.5,23.5,precipitacao
2017-12-27,1300,0.0,25.0,25.0,precipitacao
2017-12-27,1400,0.0,26.1,26.2,precipitacao
2017-12-27,1500,0.0,26.6,26.9,precipitacao
2017-12-27,1600,0.0,27.2,27.3,precipitacao
2017-12-27,1700,0.0,29.0,29.0,precipitacao
2017-12-27,1800,0.0,25.9,29.2,precipitacao
2017-12-27,1900,0.0,26.5,28.7,precipitacao
2017-12-27,2000,36.8,21.6,26.8,precipitacao
2017-12-27,2100,12.4,21.5,21.6,precipitacao
2017-12-27,2200,4.2,21.6,21.8,precipitacao
2017-12-27,2300,0.0,21.6,21.7,precipitacao
2017-12-31,0,0.2,23.9,24.3,precipitacao
2017-12-31,100,0.0,23.8,23.9,precipitacao
2017-12-31,200,0.0,24.0,24.0,precipitacao
2017-12-31,300,0.0,23.7,24.1,precipitacao
2017-12-31,400,0.0,23.5,23.7,precipitacao
2017-12-31,500,0.0,23.1,23.6,precipitacao
2017-12-31,600,0.0,23.4,23.5,precipitacao
2017-12-31,700,0.0,23.3,23.4,precipitacao
2017-12-31,800,4.4,23.1,23.3,precipitacao
2017-12-31,900,34.8,23.0,23.1,precipitacao
2017-12-31,1000,5.4,23.0,23.1,precipitacao
2017-12-31,1100,4.4,23.0,23.2,precipitacao
2017-12-31,1200,1.4,23.1,23.2,precipitacao
2017-12-31,1300,2.6,23.6,23.6,precipitacao
2017-12-31,1400,1.0,24.2,24.2,precipitacao
2017-12-31,1500,0.4,24.8,24.9,precipitacao
2017-12-31,1600,0.0,25.4,25.5,precipitacao
2017-12-31,1700,0.0,25.8,25.8,precipitacao
2017-12-31,1800,0.0,26.8,27.0,precipitacao
2017-12-31,1900,0.0,28.0,28.1,precipitacao
2017-12-31,2000,0.0,28.2,28.2,precipitacao
2017-12-31,2100,0.0,29.0,29.6,precipitacao
2017-12-31,2200,0.0,28.6,29.2,precipitacao
2017-12-31,2300,0.0,26.8,28.7,precipitacao
2018-01-10,0,0.0,25.3,26.7,precipitacao
2018-01-10,100,0.0,25.1,25.3,precipitacao
2018-01-10,200,0.0,24.4,25.2,precipitacao
2018-01-10,300,0.0,24.0,24.4,precipitacao
2018-01-10,400,0.0,23.7,24.1,precipitacao
2018-01-10,500,0.0,23.5,23.8,precipitacao
2018-01-10,600,0.0,23.4,23.5,precipitacao
2018-01-10,700,0.0,23.6,23.7,precipitacao
2018-01-10,800,0.0,23.7,23.8,precipitacao
2018-01-10,900,0.0,23.6,23.8,precipitacao
2018-01-10,1000,0.2,23.8,23.8,precipitacao
2018-01-10,1100,2.4,22.4,23.8,precipitacao
2018-01-10,1200,24.4,21.7,22.4,precipitacao
2018-01-10,1300,8.6,21.7,21.8,precipitacao
2018-01-10,1400,9.4,22.1,22.1,precipitacao
2018-01-10,1500,4.6,22.7,22.7,precipitacao
2018-01-10,1600,3.2,22.8,22.9,precipitacao
2018-01-10,1700,2.6,23.3,23.3,precipitacao
2018-01-10,1800,0.2,24.5,24.6,precipitacao
2018-01-10,1900,0.0,24.9,25.1,precipitacao
2018-01-10,2000,0.0,25.7,25.8,precipitacao
2018-01-10,2100,0.0,27.1,27.5,precipitacao
2018-01-10,2200,0.0,26.2,27.0,precipitacao
2018-01-10,2300,0.0,25.1,26.4,precipitacao
2018-02-05,0,0.0,25.7,27.6,precipitacao
2018-02-05,100,0.0,25.9,25.9,precipitacao
2018-02-05,200,0.0,25.1,25.9,precipitacao
2018-02-05,300,0.0,25.2,25.3,precipitacao
2018-02-05,400,0.0,24.8,25.2,precipitacao
2018-02-05,500,0.0,24.5,24.8,precipitacao
2018-02-05,600,0.0,24.3,24.5,precipitacao
2018-02-05,700,0.0,24.3,24.5,precipitacao
2018-02-05,800,0.0,24.5,24.5,precipitacao
2018-02-05,900,0.2,24.6,24.7,precipitacao
2018-02-05,1000,27.4,24.2,24.6,precipitacao
2018-02-05,1100,56.0,23.0,24.2,precipitacao
2018-02-05,1200,5.6,23.5,23.9,precipitacao
2018-02-05,1300,3.6,23.9,23.9,precipitacao
2018-02-05,1400,0.6,24.3,24.4,precipitacao
2018-02-05,1500,0.0,25.3,25.3,precipitacao
2018-02-05,1600,0.0,25.7,26.0,precipitacao
2018-02-05,1700,0.0,26.3,26.5,precipitacao
2018-02-05,1800,0.0,26.9,27.2,precipitacao
2018-02-05,1900,0.0,28.2,28.2,precipitacao
2018-02-05,2000,0.0,29.7,29.7,precipitacao
2018-02-05,2100,0.0,26.9,29.7,precipitacao
2018-02-05,2200,0.0,26.3,26.9,precipitacao
2018-02-05,2300,0.0,25.5,26.2,precipitacao
2018-03-20,0,9.0,23.6,26.9,precipitacao
2018-03-20,100,0.0,23.3,23.6,precipitacao
2018-03-20,200,0.0,23.6,23.6,precipitacao
2018-03-20,300,0.0,23.4,23.7,precipitacao
2018-03-20,400,0.2,23.6,23.6,precipitacao
2018-03-20,500,0.0,23.7,23.7,precipitacao
2018-03-20,600,0.0,23.8,23.8,precipitacao
2018-03-20,700,0.0,23.2,23.8,precipitacao
2018-03-20,800,0.0,23.5,23.5,precipitacao
2018-03-20,900,0.0,23.8,23.8,precipitacao
2018-03-20,1000,31.6,23.1,23.8,precipitacao
2018-03-20,1100,7.8,23.3,23.3,precipitacao
2018-03-20,1200,1.2,23.4,23.4,precipitacao
2018-03-20,1300,0.4,23.6,23.7,precipitacao
2018-03-20,1400,3.2,23.7,23.8,precipitacao
2018-03-20,1500,3.4,23.1,23.8,precipitacao
2018-03-20,1600,7.6,23.4,23.4,precipitacao
2018-03-20,1700,1.4,24.3,24.5,precipitacao
2018-03-20,1800,0.0,26.0,26.6,precipitacao
2018-03-20,1900,0.0,28.1,28.5,precipitacao
2018-03-20,2000,0.0,29.3,29.4,precipitacao
2018-03-20,2100,0.0,29.5,29.8,precipitacao
2018-03-20,2200,0.0,28.9,29.9,precipitacao
2018-03-20,2300,0.0,26.0,29.0,precipitacao
2018-05-17,0,0.0,24.0,24.3,precipitacao
2018-05-17,100,0.0,23.9,24.1,precipitacao
2018-05-17,200,0.0,23.7,23.9,precipitacao
2018-05-17,300,0.0,23.1,23.7,precipitacao
2018-05-17,400,0.0,22.8,23.1,precipitacao
2018-05-17,500,0.0,22.5,22.8,precipitacao
2018-05-17,600,0.0,22.9,22.9,precipitacao
2018-05-17,700,0.0,22.8,23.1,precipitacao
2018-05-17,800,0.0,22.8,22.9,precipitacao
2018-05-17,900,0.0,23.0,23.0,precipitacao
2018-05-17,1000,0.0,22.9,23.1,precipitacao
2018-05-17,1100,0.0,23.0,23.0,precipitacao
2018-05-17,1200,0.0,23.3,23.3,precipitacao
2018-05-17,1300,0.0,24.7,24.7,precipitacao
2018-05-17,1400,0.0,26.3,26.5,precipitacao
2018-05-17,1500,0.0,27.6,27.6,precipitacao
2018-05-17,1600,0.0,26.5,28.5,precipitacao
2018-05-17,1700,1.2,24.0,26.9,precipitacao
2018-05-17,1800,63.0,21.9,24.0,precipitacao
2018-05-17,1900,8.0,21.8,22.0,precipitacao
2018-05-17,2000,1.6,22.0,22.0,precipitacao
2018-05-17,2100,0.6,22.5,22.5,precipitacao
2018-05-17,2200,0.0,22.5,22.5,precipitacao
2018-05-17,2300,0.0,22.3,22.5,precipitacao
2018-10-12,0,0.0,24.9,26.6,precipitacao
2018-10-12,100,0.0,24.5,24.9,precipitacao
2018-10-12,200,0.0,24.3,24.5,precipitacao
2018-10-12,300,0.0,23.7,24.3,precipitacao
2018-10-12,400,0.0,23.5,23.8,precipitacao
2018-10-12,500,0.0,24.1,24.1,precipitacao
2018-10-12,600,0.0,23.9,24.2,precipitacao
2018-10-12,700,0.0,23.6,23.9,precipitacao
2018-10-12,800,0.0,23.6,23.8,precipitacao
2018-10-12,900,0.0,23.5,23.8,precipitacao
2018-10-12,1000,0.0,23.3,23.6,precipitacao
2018-10-12,1100,0.0,23.7,23.7,precipitacao
2018-10-12,1200,0.0,24.5,24.5,precipitacao
2018-10-12,1300,0.0,26.7,26.7,precipitacao
2018-10-12,1400,0.0,27.1,27.3,precipitacao
2018-10-12,1500,0.0,27.6,27.9,precipitacao
2018-10-12,1600,0.0,28.7,29.1,precipitacao
2018-10-12,1700,0.6,28.7,28.8,precipitacao
2018-10-12,1800,0.6,26.7,30.7,precipitacao
2018-10-12,1900,0.4,26.2,27.1,precipitacao
2018-10-12,2000,33.6,22.8,26.2,precipitacao
2018-10-12,2100,14.2,22.8,23.0,precipitacao
2018-10-12,2200,2.4,22.9,23.0,precipitacao
2018-10-12,2300,2.8,22.9,23.0,precipitacao
2019-01-03,0,2.8,24.9,26.0,precipitacao
2019-01-03,100,2.8,24.7,24.9,precipitacao
2019-01-03,200,25.0,23.3,24.7,precipitacao
2019-01-03,300,24.6,23.0,23.3,precipitacao
2019-01-03,400,2.2,23.1,23.2,precipitacao
2019-01-03,500,1.8,23.3,23.3,precipitacao
2019-01-03,600,0.0,23.3,23.4,precipitacao
2019-01-03,700,0.0,23.2,23.3,precipitacao
2019-01-03,800,0.0,23.0,23.2,precipitacao
2019-01-03,900,0.2,23.0,23.1,precipitacao
2019-01-03,1000,0.6,22.9,23.0,precipitacao
2019-01-03,1100,0.0,23.1,23.1,precipitacao
2019-01-03,1200,0.0,23.6,23.6,precipitacao
2019-01-03,1300,0.0,24.6,24.7,precipitacao
2019-01-03,1400,0.0,26.3,26.3,precipitacao
2019-01-03,1500,0.0,26.8,27.1,precipitacao
2019-01-03,1600,0.0,28.2,28.4,precipitacao
2019-01-03,1700,0.0,29.3,29.8,precipitacao
2019-01-03,1800,0.0,31.2,31.3,precipitacao
2019-01-03,1900,0.0,31.3,31.6,precipitacao
2019-01-03,2000,0.0,31.6,31.9,precipitacao
2019-01-03,2100,0.0,31.0,32.6,precipitacao
2019-01-03,2200,0.0,30.5,32.0,precipitacao
2019-01-03,2300,0.0,28.3,30.6,precipitacao
2019-01-04,0,0.0,26.5,28.3,precipitacao
2019-01-04,100,0.0,25.8,26.5,precipitacao
2019-01-04,200,0.0,25.3,25.8,precipitacao
2019-01-04,300,0.0,24.9,25.3,precipitacao
2019-01-04,400,0.0,24.7,24.9,precipitacao
2019-01-04,500,0.0,24.6,24.8,precipitacao
2019-01-04,600,0.6,24.0,24.6,precipitacao
2019-01-04,700,26.8,23.0,24.0,precipitacao
2019-01-04,800,11.2,22.7,23.0,precipitacao
2019-01-04,900,5.2,22.8,22.8,precipitacao
2019-01-04,1000,3.6,22.7,22.8,precipitacao
2019-01-04,1100,1.2,22.8,22.8,precipitacao
2019-01-04,1200,1.0,22.8,22.8,precipitacao
2019-01-04,1300,0.4,23.0,23.1,precipitacao
2019-01-04,1400,0.0,23.4,23.4,precipitacao
2019-01-04,1500,0.0,24.2,24.2,precipitacao
2019-01-04,1600,0.0,26.5,26.5,precipitacao
2019-01-04,1700,0.0,27.4,27.5,precipitacao
2019-01-04,1800,0.0,28.9,28.9,precipitacao
2019-01-04,1900,2.4,24.9,28.9,precipitacao
2019-01-04,2000,0.0,25.7,25.7,precipitacao
2019-01-04,2100,0.0,27.5,27.9,precipitacao
2019-01-04,2200,0.0,27.0,28.3,precipitacao
2019-01-04,2300,0.0,25.4,27.0,precipitacao
2019-01-12,0,0.0,26.1,26.7,precipitacao
2019-01-12,100,0.0,25.9,26.1,precipitacao
2019-01-12,200,0.0,25.5,25.9,precipitacao
2019-01-12,300,0.0,24.8,25.6,precipitacao
2019-01-12,400,0.2,23.8,24.8,precipitacao
2019-01-12,500,20.4,22.5,23.9,precipitacao
2019-01-12,600,7.0,22.5,22.6,precipitacao
2019-01-12,700,8.0,22.2,22.5,precipitacao
2019-01-12,800,6.6,22.1,22.2,precipitacao
2019-01-12,900,7.8,22.2,22.3,precipitacao
2019-01-12,1000,9.0,22.1,22.3,precipitacao
2019-01-12,1100,2.0,21.8,22.1,precipitacao
2019-01-12,1200,3.2,21.9,21.9,precipitacao
2019-01-12,1300,9.8,21.2,22.2,precipitacao
2019-01-12,1400,3.6,22.6,22.6,precipitacao
2019-01-12,1500,0.0,24.2,24.2,precipitacao
2019-01-12,1600,0.0,24.9,25.3,precipitacao
2019-01-12,1700,0.0,26.3,26.3,precipitacao
2019-01-12,1800,0.0,25.7,26.3,precipitacao
2019-01-12,1900,0.0,27.5,27.5,precipitacao
2019-01-12,2000,0.2,27.8,28.6,precipitacao
2019-01-12,2100,0.0,26.9,28.0,precipitacao
2019-01-12,2200,0.0,26.3,26.9,precipitacao
2019-01-12,2300,0.0,24.9,26.3,precipitacao
2019-02-11,0,41.8,23.7,25.1,precipitacao
2019-02-11,100,20.0,23.2,23.7,precipitacao
2019-02-11,200,0.6,23.4,23.4,precipitacao
2019-02-11,300,0.0,23.4,23.4,precipitacao
2019-02-11,400,0.0,23.3,23.4,precipitacao
2019-02-11,500,0.0,23.2,23.3,precipitacao
2019-02-11,600,0.0,23.2,23.2,precipitacao
2019-02-11,700,0.0,23.2,23.3,precipitacao
2019-02-11,800,0.0,23.2,23.2,precipitacao
2019-02-11,900,0.0,23.3,23.3,precipitacao
2019-02-11,1000,0.0,23.3,23.3,precipitacao
2019-02-11,1100,0.0,23.3,23.3,precipitacao
2019-02-11,1200,0.0,23.6,23.6,precipitacao
2019-02-11,1300,0.0,24.3,24.4,precipitacao
2019-02-11,1400,0.0,24.9,24.9,precipitacao
2019-02-11,1500,0.0,26.5,26.5,precipitacao
2019-02-11,1600,0.0,27.6,27.6,precipitacao
2019-02-11,1700,0.0,28.7,28.7,precipitacao
2019-02-11,1800,0.2,27.4,31.3,precipitacao
2019-02-11,1900,8.2,26.0,27.4,precipitacao
2019-02-11,2000,0.0,27.5,27.6,precipitacao
2019-02-11,2100,0.0,27.8,29.5,precipitacao
2019-02-11,2200,2.6,24.3,27.8,precipitacao
2019-02-11,2300,5.8,23.8,24.3,precipitacao
2019-02-14,0,0.4,25.3,27.5,precipitacao
2019-02-14,100,19.8,23.8,25.3,precipitacao
2019-02-14,200,0.2,23.8,23.9,precipitacao
2019-02-14,300,0.2,23.7,23.8,precipitacao
2019-02-14,400,0.0,23.8,23.9,precipitacao
2019-02-14,500,0.0,23.8,23.8,precipitacao
2019-02-14,600,0.2,24.0,24.0,precipitacao
2019-02-14,700,0.0,24.3,24.3,precipitacao
2019-02-14,800,0.0,24.5,24.5,precipitacao
2019-02-14,900,0.0,24.4,24.5,precipitacao
2019-02-14,1000,0.0,24.5,24.5,precipitacao
2019-02-14,1100,0.0,24.5,24.5,precipitacao
2019-02-14,1200,0.0,25.0,25.0,precipitacao
2019-02-14,1300,8.8,25.1,25.1,precipitacao
2019-02-14,1400,0.0,26.8,27.0,precipitacao
2019-02-14,1500,0.0,27.5,28.3,precipitacao
2019-02-14,1600,27.2,24.6,27.9,precipitacao
2019-02-14,1700,4.6,26.1,26.1,precipitacao
2019-02-14,1800,0.0,26.6,26.8,precipitacao
2019-02-14,1900,0.4,26.9,27.0,precipitacao
2019-02-14,2000,0.0,28.0,28.6,precipitacao
2019-02-14,2100,4.8,23.6,28.2,precipitacao
2019-02-14,2200,14.2,23.2,23.6,precipitacao
2019-02-14,2300,1.8,23.3,23.4,precipitacao
2019-03-10,0,0.0,26.3,27.5,precipitacao
2019-03-10,100,0.0,25.4,26.3,precipitacao
2019-03-10,200,0.0,25.1,25.4,precipitacao
2019-03-10,300,0.0,24.8,25.1,precipitacao
2019-03-10,400,0.0,24.7,24.9,precipitacao
2019-03-10,500,17.4,23.9,24.8,precipitacao
2019-03-10,600,31.2,23.5,23.9,precipitacao
2019-03-10,700,16.6,23.5,23.6,precipitacao
2019-03-10,800,7.8,23.3,23.5,precipitacao
2019-03-10,900,4.4,23.4,23.4,precipitacao
2019-03-10,1000,3.0,23.1,23.4,precipitacao
2019-03-10,1100,1.2,23.0,23.1,precipitacao
2019-03-10,1200,0.6,23.3,23.4,precipitacao
2019-03-10,1300,1.2,23.8,23.8,precipitacao
2019-03-10,1400,0.4,24.1,24.2,precipitacao
2019-03-10,1500,1.2,23.9,24.2,precipitacao
2019-03-10,1600,8.2,24.1,24.1,precipitacao
2019-03-10,1700,2.4,24.0,24.1,precipitacao
2019-03-10,1800,0.0,24.5,24.5,precipitacao
2019-03-10,1900,0.0,25.6,25.6,precipitacao
2019-03-10,2000,0.0,26.0,26.5,precipitacao
2019-03-10,2100,0.0,27.0,27.3,precipitacao
2019-03-10,2200,0.0,26.4,28.3,precipitacao
2019-03-10,2300,0.0,25.6,27.0,precipitacao
2019-08-20,0,0.0,24.9,26.7,precipitacao
2019-08-20,100,0.0,23.8,24.9,precipitacao
2019-08-20,200,0.0,24.0,24.6,precipitacao
2019-08-20,300,0.4,24.2,24.7,precipitacao
2019-08-20,400,0.0,23.3,24.2,precipitacao
2019-08-20,500,0.0,22.5,23.4,precipitacao
2019-08-20,600,0.0,22.0,22.7,precipitacao
2019-08-20,700,0.0,21.7,22.2,precipitacao
2019-08-20,800,0.0,21.3,21.9,precipitacao
2019-08-20,900,0.0,21.3,21.6,precipitacao
2019-08-20,1000,0.0,21.3,21.3,precipitacao
2019-08-20,1100,0.0,21.5,21.5,precipitacao
2019-08-20,1200,1.0,22.9,22.9,precipitacao
2019-08-20,1300,0.0,25.4,25.4,precipitacao
2019-08-20,1400,0.0,28.9,28.9,precipitacao
2019-08-20,1500,0.0,31.3,31.3,precipitacao
2019-08-20,1600,0.2,33.2,33.2,precipitacao
2019-08-20,1700,0.0,34.3,34.3,precipitacao
2019-08-20,1800,0.0,34.7,34.7,precipitacao
2019-08-20,1900,0.0,29.7,35.2,precipitacao
2019-08-20,2000,24.2,22.1,29.7,precipitacao
2019-08-20,2100,38.4,22.1,23.5,precipitacao
2019-08-20,2200,1.0,23.0,23.4,precipitacao
2019-08-20,2300,0.6,22.6,23.0,precipitacao
2019-12-14,0,0.0,25.4,26.0,precipitacao
2019-12-14,100,0.0,25.3,25.6,precipitacao
2019-12-14,200,0.0,25.2,25.4,precipitacao
2019-12-14,300,13.2,24.3,25.3,precipitacao
2019-12-14,400,37.8,21.9,24.3,precipitacao
2019-12-14,500,13.0,22.0,22.0,precipitacao
2019-12-14,600,9.4,21.6,22.0,precipitacao
2019-12-14,700,7.6,21.6,21.7,precipitacao
2019-12-14,800,2.2,21.6,21.7,precipitacao
2019-12-14,900,0.4,21.6,21.7,precipitacao
2019-12-14,1000,0.0,21.6,21.6,precipitacao
2019-12-14,1100,0.2,21.7,21.7,precipitacao
2019-12-14,1200,0.0,22.3,22.4,precipitacao
2019-12-14,1300,0.0,23.2,23.4,precipitacao
2019-12-14,1400,0.0,24.4,24.6,precipitacao
2019-12-14,1500,0.0,25.7,25.9,precipitacao
2019-12-14,1600,0.0,27.3,27.7,precipitacao
2019-12-14,1700,0.0,28.6,29.1,precipitacao
2019-12-14,1800,0.0,28.7,29.8,precipitacao
2019-12-14,1900,0.0,29.8,30.5,precipitacao
2019-12-14,2000,0.0,31.3,31.7,precipitacao
2019-12-14,2100,0.0,32.0,32.5,precipitacao
2019-12-14,2200,0.0,30.5,32.6,precipitacao
2019-12-14,2300,0.0,26.8,30.7,precipitacao
2019-12-28,0,0.0,26.2,27.8,precipitacao
2019-12-28,100,0.0,25.3,26.2,precipitacao
2019-12-28,200,0.0,24.9,25.3,precipitacao
2019-12-28,300,0.0,24.7,25.1,precipitacao
2019-12-28,400,0.0,24.4,24.7,precipitacao
2019-12-28,500,0.0,24.6,24.6,precipitacao
2019-12-28,600,0.0,24.4,24.6,precipitacao
2019-12-28,700,0.0,24.3,24.5,precipitacao
2019-12-28,800,0.0,24.4,24.4,precipitacao
2019-12-28,900,0.0,24.0,24.4,precipitacao
2019-12-28,1000,0.0,23.8,24.0,precipitacao
2019-12-28,1100,0.0,24.1,24.1,precipitacao
2019-12-28,1200,0.0,24.8,24.8,precipitacao
2019-12-28,1300,0.0,25.4,25.4,precipitacao
2019-12-28,1400,0.0,26.8,26.9,precipitacao
2019-12-28,1500,0.0,27.2,27.2,precipitacao
2019-12-28,1600,0.0,28.4,28.4,precipitacao
2019-12-28,1700,0.0,29.4,30.0,precipitacao
2019-12-28,1800,0.0,29.9,30.0,precipitacao
2019-12-28,1900,0.0,32.3,32.8,precipitacao
2019-12-28,2000,0.0,32.8,32.9,precipitacao
2019-12-28,2100,0.0,32.4,33.4,precipitacao
2019-12-28,2200,0.0,30.4,33.0,precipitacao
2019-12-28,2300,58.2,24.0,30.4,precipitacao
2019-12-29,0,25.0,24.2,24.3,precipitacao
2019-12-29,100,3.2,24.5,24.5,precipitacao
2019-12-29,200,0.4,24.3,24.5,precipitacao
2019-12-29,300,0.6,24.2,24.3,precipitacao
2019-12-29,400,0.2,24.0,24.2,precipitacao
2019-12-29,500,0.0,24.0,24.0,precipitacao
2019-12-29,600,0.0,23.6,24.0,precipitacao
2019-12-29,700,0.0,23.7,23.7,precipitacao
2019-12-29,800,0.2,23.8,23.8,precipitacao
2019-12-29,900,0.0,23.4,23.8,precipitacao
2019-12-29,1000,0.0,23.2,23.4,precipitacao
2019-12-29,1100,0.0,23.4,23.4,precipitacao
2019-12-29,1200,0.0,24.2,24.4,precipitacao
2019-12-29,1300,0.0,25.8,25.8,precipitacao
2019-12-29,1400,0.0,26.4,26.4,precipitacao
2019-12-29,1500,0.0,28.0,28.0,precipitacao
2019-12-29,1600,0.0,28.5,29.4,precipitacao
2019-12-29,1700,0.0,28.3,30.0,precipitacao
2019-12-29,1800,0.0,26.3,30.3,precipitacao
2019-12-29,1900,10.4,25.2,26.3,precipitacao
2019-12-29,2000,5.2,25.8,25.9,precipitacao
2019-12-29,2100,5.0,23.1,25.9,precipitacao
2019-12-29,2200,14.2,22.3,23.1,precipitacao
2019-12-29,2300,7.4,22.3,22.3,precipitacao
2020-01-02,0,0.0,26.2,27.7,precipitacao
2020-01-02,100,0.0,25.5,26.2,precipitacao
2020-01-02,200,1.8,25.3,25.6,precipitacao
2020-01-02,300,1.0,24.8,25.3,precipitacao
2020-01-02,400,0.0,24.3,24.8,precipitacao
2020-01-02,500,0.2,23.9,24.4,precipitacao
2020-01-02,600,22.0,22.2,23.9,precipitacao
2020-01-02,700,34.8,21.8,22.2,precipitacao
2020-01-02,800,8.4,21.6,21.8,precipitacao
2020-01-02,900,3.0,21.3,21.6,precipitacao
2020-01-02,1000,4.6,21.3,21.4,precipitacao
2020-01-02,1100,2.0,21.4,21.5,precipitacao
2020-01-02,1200,0.4,21.5,21.5,precipitacao
2020-01-02,1300,0.0,21.7,21.8,precipitacao
2020-01-02,1400,0.4,22.1,22.2,precipitacao
2020-01-02,1500,0.2,22.5,22.5,precipitacao
2020-01-02,1600,0.0,23.7,24.0,precipitacao
2020-01-02,1700,0.0,26.0,26.1,precipitacao
2020-01-02,1800,0.0,28.3,28.3,precipitacao
2020-01-02,1900,0.0,30.1,30.7,precipitacao
2020-01-02,2000,0.0,30.7,30.7,precipitacao
2020-01-02,2100,0.0,30.4,31.4,precipitacao
2020-01-02,2200,0.0,29.9,31.6,precipitacao
2020-01-02,2300,0.0,26.7,29.9,precipitacao
2020-02-22,0,0.0,26.3,27.2,precipitacao
2020-02-22,100,0.0,25.6,26.3,precipitacao
2020-02-22,200,0.0,25.4,25.6,precipitacao
2020-02-22,300,26.6,22.7,25.6,precipitacao
2020-02-22,400,24.6,22.5,22.7,precipitacao
2020-02-22,500,2.4,22.6,22.7,precipitacao
2020-02-22,600,2.4,22.7,22.7,precipitacao
2020-02-22,700,2.8,22.2,22.7,precipitacao
2020-02-22,800,0.4,22.3,22.4,precipitacao
2020-02-22,900,0.0,22.4,22.4,precipitacao
2020-02-22,1000,0.0,22.4,22.4,precipitacao
2020-02-22,1100,0.0,22.6,22.6,precipitacao
2020-02-22,1200,0.0,23.0,23.1,precipitacao
2020-02-22,1300,0.0,23.9,23.9,precipitacao
2020-02-22,1400,0.0,25.0,25.2,precipitacao
2020-02-22,1500,0.0,26.9,26.9,precipitacao
2020-02-22,1600,0.0,29.2,29.2,precipitacao
2020-02-22,1700,2.2,26.1,29.2,precipitacao
2020-02-22,1800,0.0,26.9,26.9,precipitacao
2020-02-22,1900,8.6,25.4,27.2,precipitacao
2020-02-22,2000,0.4,26.8,26.8,precipitacao
2020-02-22,2100,0.0,28.1,28.2,precipitacao
2020-02-22,2200,0.0,27.0,28.1,precipitacao
2020-02-22,2300,0.0,25.9,27.0,precipitacao
2020-04-12,0,0.0,26.4,27.7,precipitacao
2020-04-12,100,0.0,25.5,26.4,precipitacao
2020-04-12,200,0.0,24.9,25.6,precipitacao
2020-04-12,300,0.0,24.9,24.9,precipitacao
2020-04-12,400,0.0,25.1,25.1,precipitacao
2020-04-12,500,0.0,24.8,25.1,precipitacao
2020-04-12,600,0.0,24.8,24.8,precipitacao
2020-04-12,700,0.0,24.8,24.9,precipitacao
2020-04-12,800,0.0,24.9,24.9,precipitacao
2020-04-12,900,0.0,24.7,24.9,precipitacao
2020-04-12,1000,0.0,24.5,24.7,precipitacao
2020-04-12,1100,0.0,24.6,24.6,precipitacao
2020-04-12,1200,4.4,23.8,24.6,precipitacao
2020-04-12,1300,0.8,24.2,24.2,precipitacao
2020-04-12,1400,2.4,24.7,24.7,precipitacao
2020-04-12,1500,28.2,23.6,24.7,precipitacao
2020-04-12,1600,29.8,23.6,23.8,precipitacao
2020-04-12,1700,21.8,23.2,23.7,precipitacao
2020-04-12,1800,6.6,23.5,23.5,precipitacao
2020-04-12,1900,2.2,23.7,23.7,precipitacao
2020-04-12,2000,0.0,23.9,23.9,precipitacao
2020-04-12,2100,0.2,23.9,24.1,precipitacao
2020-04-12,2200,0.2,23.9,24.0,precipitacao
2020-04-12,2300,0.6,23.4,23.9,precipitacao
2020-04-21,0,0.0,24.7,26.2,precipitacao
2020-04-21,100,0.0,24.0,24.7,precipitacao
2020-04-21,200,0.0,24.0,24.1,precipitacao
2020-04-21,300,0.0,23.6,24.0,precipitacao
2020-04-21,400,0.0,23.3,23.7,precipitacao
2020-04-21,500,0.0,22.7,23.3,precipitacao
2020-04-21,600,0.0,21.9,22.7,precipitacao
2020-04-21,700,0.0,21.9,22.1,precipitacao
2020-04-21,800,0.0,21.4,21.9,precipitacao
2020-04-21,900,0.0,21.4,21.6,precipitacao
2020-04-21,1000,0.0,21.9,22.0,precipitacao
2020-04-21,1100,0.0,22.1,22.1,precipitacao
2020-04-21,1200,0.0,23.6,23.7,precipitacao
2020-04-21,1300,0.0,25.6,25.6,precipitacao
2020-04-21,1400,0.0,29.0,29.0,precipitacao
2020-04-21,1500,0.0,31.0,31.0,precipitacao
2020-04-21,1600,0.0,32.4,32.4,precipitacao
2020-04-21,1700,0.0,32.3,32.9,precipitacao
2020-04-21,1800,0.0,33.4,33.6,precipitacao
2020-04-21,1900,0.0,33.6,33.8,precipitacao
2020-04-21,2000,0.0,32.4,34.5,precipitacao
2020-04-21,2100,0.0,27.9,32.4,precipitacao
2020-04-21,2200,32.8,23.6,27.9,precipitacao
2020-04-21,2300,19.4,23.3,23.6,precipitacao
2020-08-21,0,0.0,25.1,26.9,precipitacao
2020-08-21,100,0.0,24.3,25.0,precipitacao
2020-08-21,200,0.0,23.7,24.3,precipitacao
2020-08-21,300,0.0,25.3,25.5,precipitacao
2020-08-21,400,0.0,24.6,25.3,precipitacao
2020-08-21,500,0.0,22.8,24.6,precipitacao
2020-08-21,600,0.0,21.6,22.8,precipitacao
2020-08-21,700,0.0,19.7,21.6,precipitacao
2020-08-21,800,0.0,17.8,19.7,precipitacao
2020-08-21,900,1.0,16.0,17.8,precipitacao
2020-08-21,1000,12.4,15.0,16.0,precipitacao
2020-08-21,1100,10.8,14.0,15.0,precipitacao
2020-08-21,1200,3.2,13.6,14.0,precipitacao
2020-08-21,1300,2.8,12.9,13.6,precipitacao
2020-08-21,1400,9.0,12.6,13.3,precipitacao
2020-08-21,1500,14.2,13.1,13.1,precipitacao
2020-08-21,1600,7.8,13.1,13.1,precipitacao
2020-08-21,1700,2.6,12.8,13.2,precipitacao
2020-08-21,1800,1.0,13.0,13.0,precipitacao
2020-08-21,1900,2.2,12.9,13.0,precipitacao
2020-08-21,2000,3.0,12.9,13.0,precipitacao
2020-08-21,2100,4.8,12.4,12.9,precipitacao
2020-08-21,2200,0.0,12.6,12.6,precipitacao
2020-08-21,2300,0.0,12.6,12.7,precipitacao
2020-09-15,0,0.0,27.2,28.5,precipitacao
2020-09-15,100,0.0,26.9,27.2,precipitacao
2020-09-15,200,15.8,22.1,27.0,precipitacao
2020-09-15,300,35.4,22.0,22.2,precipitacao
2020-09-15,400,5.8,21.8,22.1,precipitacao
2020-09-15,500,5.2,21.8,21.8,precipitacao
2020-09-15,600,1.6,21.7,21.8,precipitacao
2020-09-15,700,1.6,21.6,21.7,precipitacao
2020-09-15,800,1.2,21.7,21.7,precipitacao
2020-09-15,900,0.0,21.6,21.7,precipitacao
2020-09-15,1000,0.0,21.5,21.6,precipitacao
2020-09-15,1100,0.0,21.4,21.5,precipitacao
2020-09-15,1200,0.0,22.0,22.0,precipitacao
2020-09-15,1300,0.0,22.8,22.9,precipitacao
2020-09-15,1400,0.0,24.8,24.8,precipitacao
2020-09-15,1500,0.0,26.1,26.1,precipitacao
2020-09-15,1600,0.0,27.5,27.6,precipitacao
2020-09-15,1700,0.0,29.1,29.1,precipitacao
2020-09-15,1800,0.0,30.3,30.6,precipitacao
2020-09-15,1900,0.0,30.2,30.4,precipitacao
2020-09-15,2000,0.0,30.3,30.5,precipitacao
2020-09-15,2100,0.0,29.8,30.5,precipitacao
2020-09-15,2200,0.0,28.8,29.9,precipitacao
2020-09-15,2300,0.0,26.4,28.8,precipitacao
2020-12-27,0,0.6,23.3,23.5,precipitacao
2020-12-27,100,0.2,23.5,23.5,precipitacao
2020-12-27,200,19.8,23.6,23.6,precipitacao
2020-12-27,300,14.0,23.5,23.7,precipitacao
2020-12-27,400,24.0,23.2,23.5,precipitacao
2020-12-27,500,11.8,23.1,23.3,precipitacao
2020-12-27,600,14.2,21.9,23.1,precipitacao
2020-12-27,700,20.6,22.0,22.0,precipitacao
2020-12-27,800,9.2,21.9,22.0,precipitacao
2020-12-27,900,4.0,21.6,21.9,precipitacao
2020-12-27,1000,,,,precipitacao
2020-12-27,1100,,,,precipitacao
2020-12-27,1200,2.2,21.5,21.5,precipitacao
2020-12-27,1300,0.0,21.6,21.8,precipitacao
2020-12-27,1400,0.0,22.1,22.3,precipitacao
2020-12-27,1500,0.0,22.9,22.9,precipitacao
2020-12-27,1600,0.0,23.4,23.5,precipitacao
2020-12-27,1700,0.0,23.6,23.7,precipitacao
2020-12-27,1800,5.2,22.5,23.7,precipitacao
2020-12-27,1900,1.0,23.2,23.3,precipitacao
2020-12-27,2000,0.6,23.2,23.3,precipitacao
2020-12-27,2100,0.0,23.5,23.6,precipitacao
2020-12-27,2200,0.0,23.6,23.9,precipitacao
2020-12-27,2300,,,,precipitacao
2021-01-01,0,0.0,25.2,26.2,precipitacao
2021-01-01,100,0.0,25.1,25.2,precipitacao
2021-01-01,200,0.0,25.1,25.2,precipitacao
2021-01-01,300,0.0,25.2,25.3,precipitacao
2021-01-01,400,0.0,25.0,25.2,precipitacao
2021-01-01,500,0.0,24.8,25.1,precipitacao
2021-01-01,600,0.0,24.4,24.8,precipitacao
2021-01-01,700,0.0,24.0,24.4,precipitacao
2021-01-01,800,0.0,23.9,24.0,precipitacao
2021-01-01,900,0.0,24.1,24.1,precipitacao
2021-01-01,1000,0.2,24.1,24.2,precipitacao
2021-01-01,1100,2.6,23.9,24.1,precipitacao
2021-01-01,1200,46.4,22.6,23.9,precipitacao
2021-01-01,1300,45.0,22.6,22.7,precipitacao
2021-01-01,1400,17.4,21.7,22.6,precipitacao
2021-01-01,1500,9.4,21.8,21.8,precipitacao
2021-01-01,1600,6.2,22.7,22.7,precipitacao
2021-01-01,1700,0.0,23.3,23.3,precipitacao
2021-01-01,1800,0.2,23.9,24.1,precipitacao
2021-01-01,1900,0.2,25.7,26.0,precipitacao
2021-01-01,2000,0.0,27.1,27.2,precipitacao
2021-01-01,2100,0.0,27.9,28.2,precipitacao
2021-01-01,2200,0.0,27.9,28.5,precipitacao
2021-01-01,2300,0.0,26.5,28.0,precipitacao
2021-01-06,0,0.0,26.2,26.9,precipitacao
2021-01-06,100,0.0,25.5,26.2,precipitacao
2021-01-06,200,0.0,25.2,25.8,precipitacao
2021-01-06,300,0.4,25.1,25.2,precipitacao
2021-01-06,400,0.2,25.0,25.4,precipitacao
2021-01-06,500,1.0,24.8,25.0,precipitacao
2021-01-06,600,0.4,24.3,24.8,precipitacao
2021-01-06,700,,,,precipitacao
2021-01-06,800,,,,precipitacao
2021-01-06,900,,,,precipitacao
2021-01-06,1000,,,,precipitacao
2021-01-06,1100,,,,precipitacao
2021-01-06,1200,,,,precipitacao
2021-01-06,1300,0.0,24.8,24.8,precipitacao
2021-01-06,1400,0.0,25.2,25.2,precipitacao
2021-01-06,1500,0.0,26.2,26.2,precipitacao
2021-01-06,1600,0.0,27.6,27.7,precipitacao
2021-01-06,1700,0.0,28.6,28.7,precipitacao
2021-01-06,1800,0.0,28.8,29.9,precipitacao
2021-01-06,1900,33.0,21.8,28.8,precipitacao
2021-01-06,2000,20.6,22.4,22.4,precipitacao
2021-01-06,2100,10.0,22.4,22.4,precipitacao
2021-01-06,2200,6.6,22.3,22.4,precipitacao
2021-01-06,2300,0.6,22.4,22.4,precipitacao
2021-02-19,0,44.4,23.1,25.1,precipitacao
2021-02-19,100,5.6,23.1,23.2,precipitacao
2021-02-19,200,3.8,23.3,23.3,precipitacao
2021-02-19,300,1.4,23.3,23.3,precipitacao
2021-02-19,400,0.6,23.2,23.3,precipitacao
2021-02-19,500,0.4,23.0,23.2,precipitacao
2021-02-19,600,0.2,23.0,23.1,precipitacao
2021-02-19,700,0.0,23.1,23.1,precipitacao
2021-02-19,800,0.2,23.0,23.1,precipitacao
2021-02-19,900,0.0,23.1,23.2,precipitacao
2021-02-19,1000,0.2,23.1,23.2,precipitacao
2021-02-19,1100,0.2,23.1,23.1,precipitacao
2021-02-19,1200,5.8,23.1,23.1,precipitacao
2021-02-19,1300,3.0,23.1,23.1,precipitacao
2021-02-19,1400,0.0,23.5,23.5,precipitacao
2021-02-19,1500,0.2,23.8,23.9,precipitacao
2021-02-19,1600,0.2,24.1,24.2,precipitacao
2021-02-19,1700,,,,precipitacao
2021-02-19,1800,1.2,23.9,23.9,precipitacao
2021-02-19,1900,0.0,25.1,25.1,precipitacao
2021-02-19,2000,0.0,26.3,26.4,precipitacao
2021-02-19,2100,0.0,26.0,26.6,precipitacao
2021-02-19,2200,0.0,25.9,26.1,precipitacao
2021-02-19,2300,0.0,25.7,25.9,precipitacao
2021-03-09,0,0.0,27.0,28.7,precipitacao
2021-03-09,100,0.0,26.0,27.0,precipitacao
2021-03-09,200,0.0,25.9,26.0,precipitacao
2021-03-09,300,0.0,25.6,25.9,precipitacao
2021-03-09,400,0.0,25.2,25.7,precipitacao
2021-03-09,500,0.2,25.2,25.3,precipitacao
2021-03-09,600,51.6,23.6,25.2,precipitacao
2021-03-09,700,20.6,23.3,23.6,precipitacao
2021-03-09,800,5.6,23.6,23.7,precipitacao
2021-03-09,900,4.8,23.5,23.8,precipitacao
2021-03-09,1000,2.4,23.4,23.6,precipitacao
2021-03-09,1100,1.4,23.4,23.5,precipitacao
2021-03-09,1200,0.0,23.9,23.9,precipitacao
2021-03-09,1300,0.0,24.5,24.5,precipitacao
2021-03-09,1400,0.0,25.8,25.9,precipitacao
2021-03-09,1500,0.0,26.3,26.5,precipitacao
2021-03-09,1600,3.8,24.4,26.6,precipitacao
2021-03-09,1700,8.4,23.9,24.9,precipitacao
2021-03-09,1800,8.8,23.5,24.1,precipitacao
2021-03-09,1900,18.4,22.9,23.5,precipitacao
2021-03-09,2000,26.4,22.1,22.9,precipitacao
2021-03-09,2100,25.6,22.0,22.1,precipitacao
2021-03-09,2200,,,,precipitacao
2021-03-09,2300,,,,precipitacao
